pcttime,field_header_seq,field_header_stamp,field_header_frame_id,field_commanded,field_measured
1538767917491946823,283,1538767917489861799,NED,-0.849999964237,7.04618883133
1538767917514182183,284,1538767917513163495,NED,-1.00999999046,7.04618883133
1538767917562888231,285,1538767917560945959,NED,-1.12999999523,7.04618883133
1538767917610269351,286,1538767917607554727,NED,-1.13999998569,7.04618883133
1538767917648284615,287,1538767917644096711,NED,-1.15999996662,7.04618883133
1538767917701985639,288,1538767917701235623,NED,-1.17999994755,7.04618883133
1538767917780551143,289,1538767917775947335,NED,-2.09999990463,7.04618883133
1538767917796139911,290,1538767917793995783,NED,-2.09999990463,7.04618883133
1538767917844968231,291,1538767917843998951,NED,-2.12999987602,6.61251783371
1538767917879790983,292,1538767917879047751,NED,-6.60999965668,6.61251783371
1538767917958488583,293,1538767917954114567,NED,-6.84999990463,6.61251783371
1538767918037306375,294,1538767918035762855,NED,-7.75,6.61251783371
1538767918059549735,295,1538767918058682279,NED,-7.50999975204,6.61251783371
1538767918138367911,296,1538767918136556007,NED,-7.44999980927,6.61251783371
1538767918163915463,297,1538767918161731751,NED,-7.46000003815,6.61251783371
1538767918240854535,298,1538767918239839559,NED,-7.69000005722,6.61251783371
1538767918268045927,299,1538767918266417703,NED,-7.69000005722,6.61251783371
1538767918294031623,300,1538767918292867559,NED,-7.91999959946,6.61251783371
1538767918345018567,301,1538767918343203719,NED,-7.90999984741,4.13220262527
1538767918403509671,302,1538767918402237031,NED,-8.21000003815,4.13220262527
1538767918464277223,303,1538767918463201383,NED,-8.13000011444,4.13220262527
1538767918481166599,304,1538767918480186375,NED,-8.48999977112,4.13220262527
1538767918548403239,305,1538767918547102727,NED,-8.47999954224,4.13220262527
1538767918597616327,306,1538767918595537383,NED,-9.0,4.13220262527
1538767918641317351,307,1538767918639165159,NED,-8.98999977112,4.13220262527
1538767918725832743,308,1538767918724766151,NED,-9.5,2.01798152924
1538767918813506919,309,1538767918802342055,NED,-10.0399999619,2.01798152924
1538767918890104583,310,1538767918886702407,NED,-10.6799993515,2.01798152924
1538767918946880551,311,1538767918944120775,NED,-10.6599998474,2.01798152924
1538767918993641607,312,1538767918992552263,NED,-11.2699995041,2.01798152924
1538767919043288231,313,1538767919042589479,NED,-11.2399997711,2.01798152924
1538767919088878855,314,1538767919087987271,NED,-11.75,2.01798152924
1538767919124853447,315,1538767919123240839,NED,-11.7299995422,-1.7929302454
1538767919203241287,316,1538767919202332039,NED,-12.2699995041,-1.7929302454
1538767919255056391,317,1538767919254184807,NED,-12.2599992752,-1.7929302454
1538767919291858215,318,1538767919286931239,NED,-12.7199993134,-1.7929302454
1538767919405756135,319,1538767919403481351,NED,-13.0799999237,-1.7929302454
1538767919443816135,320,1538767919438262791,NED,-13.0799999237,-1.7929302454
1538767919477493223,321,1538767919475920999,NED,-13.3199996948,-1.7929302454
1538767919541871783,322,1538767919541253959,NED,-13.2999992371,-5.03452110291
1538767919607986599,323,1538767919597810823,NED,-13.5,-5.03452110291
1538767919628954119,324,1538767919627974119,NED,-13.4899997711,-5.03452110291
1538767919676228103,325,1538767919674399527,NED,-13.5499992371,-5.03452110291
1538767919766117511,326,1538767919765179207,NED,-13.5499992371,-5.03452110291
1538767919799883623,327,1538767919796544871,NED,-13.5399999619,-5.03452110291
1538767919825607783,328,1538767919825188647,NED,-13.5399999619,-5.03452110291
1538767919886680455,329,1538767919885751623,NED,-13.4099998474,-5.03452110291
1538767919939589607,330,1538767919936905415,NED,-13.4099998474,-8.19002342224
1538767919995391687,331,1538767919994516871,NED,-13.1300001144,-8.19002342224
1538767920026732167,332,1538767920026191911,NED,-13.1300001144,-8.19002342224
1538767920100530663,333,1538767920097043175,NED,-12.779999733,-8.19002342224
1538767920142146151,334,1538767920141332711,NED,-12.8499994278,-8.19002342224
1538767920225820935,335,1538767920224685095,NED,-12.6899995804,-8.19002342224
1538767920252875335,336,1538767920252148295,NED,-12.7399997711,-8.19002342224
1538767920279370919,337,1538767920276465031,NED,-12.6199998856,-8.19002342224
1538767920320132423,338,1538767920319196967,NED,-12.6599998474,-8.19002342224
1538767920397432903,339,1538767920396872711,NED,-12.5999994278,-9.10912322998
1538767920463934503,340,1538767920463154823,NED,-12.5,-9.10912322998
1538767920533158919,341,1538767920530142087,NED,-12.5,-9.10912322998
1538767920569807687,342,1538767920566369799,NED,-12.5,-9.10912322998
1538767920595173767,343,1538767920590883879,NED,-12.3099994659,-9.10912322998
1538767920647902471,344,1538767920647115911,NED,-12.2899999619,-9.10912322998
1538767920688158119,345,1538767920687433639,NED,-12.0099992752,-9.10912322998
1538767920782830055,346,1538767920781971015,NED,-11.7100000381,-9.10912322998
1538767920853580295,347,1538767920852603047,NED,-11.6999998093,-10.4860677719
1538767920881026151,348,1538767920880490855,NED,-11.279999733,-10.4860677719
1538767920947628679,349,1538767920946949095,NED,-11.2599992752,-10.4860677719
1538767921015890183,350,1538767921014674471,NED,-10.7899999619,-10.4860677719
1538767921049261799,351,1538767921048430247,NED,-10.779999733,-10.4860677719
1538767921093765703,352,1538767921092966055,NED,-10.2100000381,-10.4860677719
1538767921186491655,353,1538767921183745383,NED,-9.67000007629,-10.4860677719
1538767921227235111,354,1538767921226665415,NED,-9.64999961853,-10.4860677719
1538767921263460615,355,1538767921262741319,NED,-8.97999954224,-10.4860677719
1538767921299435111,356,1538767921298718759,NED,-8.97000026703,-10.4860677719
1538767921345864423,357,1538767921345445095,NED,-8.96000003815,-10.7214784622
1538767921413802087,358,1538767921413025223,NED,-8.23999977112,-10.7214784622
1538767921449258823,359,1538767921446218887,NED,-8.23999977112,-10.7214784622
1538767921482102183,360,1538767921480516647,NED,-7.51999998093,-10.7214784622
1538767921568473511,361,1538767921567787015,NED,-6.75999975204,-10.7214784622
1538767921589133095,362,1538767921587962823,NED,-6.75999975204,-10.7214784622
1538767921642214311,363,1538767921639866919,NED,-6.75,-10.6974058151
1538767921715007335,364,1538767921714146215,NED,-5.92000007629,-10.6974058151
1538767921748993415,365,1538767921748466695,NED,-5.92000007629,-10.6974058151
1538767921800132455,366,1538767921799707271,NED,-5.10999965668,-10.6974058151
1538767921858110343,367,1538767921857680327,NED,-5.09999990463,-10.6974058151
1538767921912203367,368,1538767921907448743,NED,-4.30999994278,-10.6974058151
1538767921945969703,369,1538767921945484711,NED,-4.30999994278,-10.6974058151
1538767922009420391,370,1538767922007921959,NED,-3.56999993324,-10.6974058151
1538767922040806023,371,1538767922040351303,NED,-3.56999993324,-9.60453510284
1538767922093779687,372,1538767922091230823,NED,-2.82999992371,-9.60453510284
1538767922143087111,373,1538767922142369447,NED,-2.82999992371,-9.60453510284
1538767922199471367,374,1538767922199097031,NED,-2.15999984741,-9.60453510284
1538767922241128775,375,1538767922239048231,NED,-2.15999984741,-9.60453510284
1538767922360927303,376,1538767922358949735,NED,-1.48000001907,-9.60453510284
1538767922423437671,377,1538767922420233511,NED,-0.930000007153,-7.88800096512
1538767922478095847,378,1538767922476337511,NED,-0.519999980927,-7.88800096512
1538767922488416071,379,1538767922487305319,NED,-0.519999980927,-7.88800096512
1538767922552662599,380,1538767922552154631,NED,-0.519999980927,-7.88800096512
1538767922587373575,381,1538767922585383079,NED,-0.0399999991059,-7.88800096512
1538767922648997671,382,1538767922648430023,NED,-0.0399999991059,-7.88800096512
1538767922680237671,383,1538767922678962055,NED,0.439999997616,-7.88800096512
1538767922751256647,384,1538767922748592743,NED,0.449999988079,-6.01313829422
1538767922811447591,385,1538767922810220231,NED,0.939999997616,-6.01313829422
1538767922843618055,386,1538767922842199399,NED,0.930000007153,-6.01313829422
1538767922882878535,387,1538767922880714791,NED,1.37000000477,-6.01313829422
1538767922964365927,388,1538767922963496903,NED,1.76999998093,-6.01313829422
1538767922994276455,389,1538767922990101639,NED,1.76999998093,-6.01313829422
1538767923032571975,390,1538767923031040071,NED,1.76999998093,-6.01313829422
1538767923066764839,391,1538767923065973927,NED,2.13999986649,-4.59407138824
1538767923122807687,392,1538767923119996199,NED,2.12999987602,-4.59407138824
1538767923167570567,393,1538767923166943079,NED,2.49000000954,-4.59407138824
1538767923202787495,394,1538767923200858247,NED,2.49000000954,-4.59407138824
1538767923244739271,395,1538767923242453063,NED,2.49000000954,-4.59407138824
1538767923283525671,396,1538767923282868615,NED,2.80999994278,-4.59407138824
1538767923396146279,397,1538767923395521863,NED,3.02999997139,-4.59407138824
1538767923442436391,398,1538767923440573479,NED,3.02999997139,-4.59407138824
1538767923499277607,399,1538767923498189351,NED,3.25999999046,-4.59407138824
1538767923547908935,400,1538767923546960071,NED,3.26999998093,-3.2084543705
1538767923597112263,401,1538767923596166855,NED,3.46000003815,-3.2084543705
1538767923615326791,402,1538767923614476743,NED,3.46000003815,-3.2084543705
1538767923639527047,403,1538767923637640711,NED,3.47000002861,-3.2084543705
1538767923688989351,404,1538767923688204743,NED,3.61999988556,-3.2084543705
1538767923753446695,405,1538767923752910599,NED,3.62999987602,-3.2084543705
1538767923790366919,406,1538767923789642727,NED,3.81999993324,-3.2084543705
1538767923861955623,407,1538767923860909223,NED,3.82999992371,-3.2084543705
1538767923878606343,408,1538767923877965991,NED,3.97000002861,-3.2084543705
1538767923979535687,409,1538767923976823783,NED,4.02999973297,-3.2084543705
1538767924005187975,410,1538767924003740295,NED,4.02999973297,-0.787345170975
1538767924059889575,411,1538767924056454695,NED,4.01999998093,-0.787345170975
1538767924068662791,412,1538767924067854727,NED,3.9399998188,-0.787345170975
1538767924122716231,413,1538767924121924359,NED,3.9399998188,-0.787345170975
1538767924174166311,414,1538767924172505063,NED,3.91999983788,-0.787345170975
1538767924238840391,415,1538767924238032967,NED,3.91999983788,-0.787345170975
1538767924281064999,416,1538767924280557255,NED,3.78999996185,-0.787345170975
1538767924330083335,417,1538767924327950823,NED,3.78999996185,-0.787345170975
1538767924393920487,418,1538767924393336199,NED,3.62999987602,-0.787345170975
1538767924421511495,419,1538767924420872199,NED,3.62999987602,0.547732174397
1538767924471195015,420,1538767924470410119,NED,3.5,0.547732174397
1538767924538129159,421,1538767924535497543,NED,3.5,0.547732174397
1538767924611017063,422,1538767924610203719,NED,3.42999982834,0.547732174397
1538767924641787783,423,1538767924640209479,NED,3.4399998188,0.547732174397
1538767924679264839,424,1538767924678567239,NED,3.31999993324,0.547732174397
1538767924752919431,425,1538767924752244903,NED,3.31999993324,0.547732174397
1538767924794570183,426,1538767924794031367,NED,3.1899998188,2.58281159401
1538767924830920199,427,1538767924830444327,NED,3.1899998188,2.58281159401
1538767924866711687,428,1538767924866239943,NED,3.04999995232,2.58281159401
1538767924920573767,429,1538767924919971271,NED,3.04999995232,2.58281159401
1538767924968145991,430,1538767924967653991,NED,2.86999988556,2.58281159401
1538767925005313511,431,1538767925003412967,NED,2.86999988556,2.58281159401
1538767925045719143,432,1538767925045159943,NED,2.8599998951,2.58281159401
1538767925079201255,433,1538767925078363335,NED,2.53999996185,2.58281159401
1538767925172596231,434,1538767925167741511,NED,2.25999999046,2.58281159401
1538767925190262695,435,1538767925189497191,NED,2.25999999046,2.58281159401
1538767925273945447,436,1538767925273528679,NED,1.92999994755,1.96729421616
1538767925363848551,437,1538767925360289095,NED,1.66999995708,1.96729421616
1538767925416904807,438,1538767925415029415,NED,1.67999994755,1.96729421616
1538767925459809383,439,1538767925458845895,NED,1.41999995708,1.96729421616
1538767925500731495,440,1538767925497779047,NED,1.41999995708,1.96729421616
1538767925551227655,441,1538767925550016615,NED,1.42999994755,1.96729421616
1538767925601378535,442,1538767925600696647,NED,1.15999996662,1.97151398659
1538767925649251751,443,1538767925648698695,NED,1.15999996662,1.97151398659
1538767925681177959,444,1538767925680661319,NED,0.849999964237,1.97151398659
1538767925757660647,445,1538767925757036455,NED,0.839999973774,1.97151398659
1538767925802074727,446,1538767925799714119,NED,0.509999990463,1.97151398659
1538767925854811463,447,1538767925854390439,NED,0.509999990463,1.8842716217
1538767925923751751,448,1538767925921054791,NED,0.170000001788,1.8842716217
1538767925971807559,449,1538767925969384455,NED,-0.0399999991059,1.8842716217
1538767926026301863,450,1538767926023648167,NED,-0.0299999993294,1.8842716217
1538767926070350439,451,1538767926069541479,NED,-0.129999995232,1.8842716217
1538767926163098695,452,1538767926162026663,NED,-0.129999995232,1.8842716217
1538767926196423847,453,1538767926195705095,NED,-0.25,0.465711653233
1538767926214079911,454,1538767926212083399,NED,-0.25,0.465711653233
1538767926266548807,455,1538767926265625159,NED,-0.329999983311,0.465711653233
1538767926278117287,456,1538767926277469863,NED,-0.319999992847,0.465711653233
1538767926344314279,457,1538767926342633255,NED,-0.310000002384,0.465711653233
1538767926389474855,458,1538767926386277639,NED,-0.370000004768,0.465711653233
1538767926428772615,459,1538767926427676679,NED,-0.379999995232,0.465711653233
1538767926525897991,460,1538767926512263943,NED,-0.489999979734,0.465711653233
1538767926571518503,461,1538767926570870951,NED,-0.719999969006,0.5740493536
1538767926599537127,462,1538767926599055143,NED,-0.719999969006,0.5740493536
1538767926669062663,463,1538767926668451495,NED,-1.0,0.5740493536
1538767926686500199,464,1538767926685973607,NED,-1.0,0.5740493536
1538767926752536711,465,1538767926743239719,NED,-1.0,0.5740493536
1538767926792613415,466,1538767926790858791,NED,-1.24000000954,0.5740493536
1538767926849669447,467,1538767926847759079,NED,-1.24000000954,-0.079104475677
1538767926874293479,468,1538767926873661927,NED,-1.53999996185,-0.079104475677
1538767926982376743,469,1538767926980374215,NED,-1.83999991417,-0.079104475677
1538767927014002983,470,1538767927011788487,NED,-1.83999991417,-0.079104475677
1538767927046635047,471,1538767927045367111,NED,-1.83999991417,-0.079104475677
1538767927144081991,472,1538767927138861799,NED,-2.21000003815,-0.079104475677
1538767927189178375,473,1538767927186347047,NED,-2.53999996185,0.456965059042
1538767927248793991,474,1538767927244847303,NED,-2.53999996185,0.456965059042
1538767927317808423,475,1538767927316625415,NED,-2.81999993324,0.456965059042
1538767927363790151,476,1538767927363049767,NED,-2.82999992371,0.456965059042
1538767927413805319,477,1538767927412353575,NED,-3.06999993324,0.456965059042
1538767927453535975,478,1538767927451974311,NED,-3.06999993324,1.57579088211
1538767927507954279,479,1538767927504540199,NED,-3.25,1.57579088211
1538767927554652391,480,1538767927550704103,NED,-3.25,1.57579088211
1538767927585030631,481,1538767927583571495,NED,-3.33999991417,1.57579088211
1538767927642704839,482,1538767927642257255,NED,-3.34999990463,1.57579088211
1538767927720764999,483,1538767927717003975,NED,-3.6099998951,1.57579088211
1538767927772722535,484,1538767927769802599,NED,-3.6099998951,1.57579088211
1538767927789510919,485,1538767927788273223,NED,-3.8599998951,0.0690894946456
1538767927863363847,486,1538767927860562311,NED,-3.8599998951,0.0690894946456
1538767927881418183,487,1538767927879611975,NED,-4.23000001907,0.0690894946456
1538767927948506311,488,1538767927947206183,NED,-4.23000001907,0.0690894946456
1538767928010964135,489,1538767928009479079,NED,-4.57999992371,0.0690894946456
1538767928041197127,490,1538767928040223943,NED,-4.56999969482,0.0690894946456
1538767928084922375,491,1538767928081939207,NED,-4.88000011444,0.0690894946456
1538767928145989319,492,1538767928145008711,NED,-4.86999988556,0.0690894946456
1538767928198072199,493,1538767928197409895,NED,-4.96000003815,-1.61662662029
1538767928241707783,494,1538767928238450343,NED,-4.94999980927,-1.61662662029
1538767928264124263,495,1538767928263300551,NED,-4.96999979019,-1.61662662029
1538767928350530535,496,1538767928349712167,NED,-4.96999979019,-1.61662662029
1538767928388566855,497,1538767928387051463,NED,-5.02999973297,-1.61662662029
1538767928450090535,498,1538767928449576871,NED,-5.02999973297,-1.61662662029
1538767928466673799,499,1538767928464371751,NED,-5.05999994278,-1.61662662029
1538767928537547655,500,1538767928536594247,NED,-5.06999969482,-1.61662662029
1538767928580307143,501,1538767928577284839,NED,-5.09999990463,-0.647452771664
1538767928647626855,502,1538767928647008743,NED,-5.09999990463,-0.647452771664
1538767928662317895,503,1538767928661409607,NED,-5.13000011444,-0.647452771664
1538767928768437799,504,1538767928762788167,NED,-5.11999988556,-0.647452771664
1538767928780259911,505,1538767928777467911,NED,-5.10999965668,-0.647452771664
1538767928821849319,506,1538767928819971783,NED,-5.09999990463,-0.647452771664
1538767928864142919,507,1538767928853995175,NED,-5.09999990463,-0.647452771664
1538767928886767655,508,1538767928886072359,NED,-5.0499997139,-2.50003170967
1538767928994072967,509,1538767928989165415,NED,-4.96999979019,-2.50003170967
1538767929050296039,510,1538767929046585703,NED,-4.98000001907,-2.50003170967
1538767929105132423,511,1538767929104312295,NED,-4.90000009537,-2.50003170967
1538767929157608327,512,1538767929152904871,NED,-4.90000009537,-2.50003170967
1538767929179521831,513,1538767929178538247,NED,-4.86999988556,-2.50003170967
1538767929250443239,514,1538767929248639975,NED,-4.88000011444,-2.50003170967
1538767929291909191,515,1538767929290218919,NED,-4.83999967575,-2.50003170967
1538767929380163271,516,1538767929378757927,NED,-4.77999973297,-2.50003170967
1538767929401847111,517,1538767929400430855,NED,-4.78999996185,-2.50003170967
1538767929462053319,518,1538767929460213223,NED,-4.71999979019,-3.91620802879
1538767929544748391,519,1538767929535073671,NED,-4.73000001907,-3.91620802879
1538767929566068391,520,1538767929564262567,NED,-4.63999986649,-3.91620802879
1538767929583991751,521,1538767929582992007,NED,-4.63999986649,-3.91620802879
1538767929653771943,522,1538767929648980519,NED,-4.63999986649,-3.91620802879
1538767929691955175,523,1538767929690449159,NED,-4.57999992371,-3.91620802879
1538767929766852327,524,1538767929762628999,NED,-4.57999992371,-3.91620802879
1538767929788984711,525,1538767929787151815,NED,-4.44999980927,-3.91620802879
1538767929856975431,526,1538767929855975079,NED,-4.46000003815,-4.40636205673
1538767929881265159,527,1538767929880504391,NED,-4.30999994278,-4.40636205673
1538767929981155175,528,1538767929979107271,NED,-4.15000009537,-4.40636205673
1538767929993834503,529,1538767929990587463,NED,-4.15000009537,-4.40636205673
1538767930065470183,530,1538767930063400327,NED,-4.15999984741,-4.40636205673
1538767930086999335,531,1538767930086116199,NED,-3.98000001907,-4.40636205673
1538767930147266375,532,1538767930144478087,NED,-3.97000002861,-4.40636205673
1538767930200680359,533,1538767930199793895,NED,-3.8599998951,-4.40636205673
1538767930243418855,534,1538767930242188135,NED,-3.83999991417,-4.40636205673
1538767930296905959,535,1538767930295844583,NED,-3.62999987602,-3.71653079987
1538767930362961511,536,1538767930359705255,NED,-3.27999997139,-3.71653079987
1538767930410789383,537,1538767930408845511,NED,-3.28999996185,-3.71653079987
1538767930443282855,538,1538767930441578599,NED,-3.28999996185,-3.71653079987
1538767930485097447,539,1538767930483920423,NED,-3.16999983788,-3.71653079987
1538767930555692807,540,1538767930550993479,NED,-3.16999983788,-3.71653079987
1538767930582591783,541,1538767930581627367,NED,-3.09999990463,-3.71653079987
1538767930676106599,542,1538767930675291975,NED,-2.88999986649,-3.71653079987
1538767930688298023,543,1538767930686101447,NED,-2.89999985695,-3.71653079987
1538767930781840775,544,1538767930781284391,NED,-2.80999994278,-4.57112693787
1538767930813357319,545,1538767930812632871,NED,-2.80999994278,-4.57112693787
1538767930850729127,546,1538767930849967111,NED,-2.80999994278,-4.57112693787
1538767930907785703,547,1538767930907016135,NED,-2.70000004768,-4.57112693787
1538767930956301095,548,1538767930953668871,NED,-2.70000004768,-4.57112693787
1538767930979283815,549,1538767930978323399,NED,-2.56999993324,-4.57112693787
1538767931059190855,550,1538767931058751207,NED,-2.54999995232,-5.57545185089
1538767931091878055,551,1538767931091404615,NED,-2.37999987602,-5.57545185089
1538767931155482695,552,1538767931153977095,NED,-2.3599998951,-5.57545185089
1538767931185838055,553,1538767931182949031,NED,-2.25999999046,-5.57545185089
1538767931249823847,554,1538767931247469511,NED,-2.24000000954,-5.57545185089
1538767931263417671,555,1538767931262909415,NED,-2.1099998951,-5.57545185089
1538767931365784999,556,1538767931364599559,NED,-1.86000001431,-5.57545185089
1538767931451134823,557,1538767931448588775,NED,-1.84999990463,-5.33474969864
1538767931462421831,558,1538767931461139623,NED,-1.57999992371,-5.33474969864
1538767931555167047,559,1538767931554226023,NED,-1.57999992371,-5.33474969864
1538767931582944167,560,1538767931577008039,NED,-1.25,-5.33474969864
1538767931626269447,561,1538767931625756071,NED,-1.25,-5.33474969864
1538767931664265863,562,1538767931662129159,NED,-0.909999966621,-5.33474969864
1538767931733731975,563,1538767931732569799,NED,-0.909999966621,-5.33474969864
1538767931785812071,564,1538767931782356775,NED,-0.599999964237,-5.33474969864
1538767931838556647,565,1538767931835603911,NED,-0.599999964237,-3.93638324738
1538767931861674023,566,1538767931861122439,NED,-0.610000014305,-3.93638324738
1538767931955413735,567,1538767931952999623,NED,-0.289999991655,-3.93638324738
1538767931981860871,568,1538767931978832967,NED,0.0499999970198,-3.93638324738
1538767932037699015,569,1538767932035506023,NED,0.0399999991059,-3.93638324738
1538767932082293799,570,1538767932080520167,NED,0.329999983311,-3.93638324738
1538767932141288743,571,1538767932140326247,NED,0.329999983311,-3.93638324738
1538767932178997863,572,1538767932174547751,NED,0.639999985695,-4.35301828384
1538767932223827783,573,1538767932223267847,NED,0.649999976158,-4.35301828384
1538767932263445671,574,1538767932261476583,NED,0.989999949932,-4.35301828384
1538767932303957511,575,1538767932301150407,NED,0.989999949932,-4.35301828384
1538767932355843399,576,1538767932353429895,NED,0.989999949932,-4.35301828384
1538767932414783879,577,1538767932412536263,NED,1.28999996185,-4.35301828384
1538767932457869639,578,1538767932456189607,NED,1.28999996185,-4.07995271683
1538767932536677831,579,1538767932535807815,NED,1.57999992371,-4.07995271683
1538767932557449063,580,1538767932555180999,NED,1.55999994278,-4.07995271683
1538767932573660967,581,1538767932570002119,NED,1.9699999094,-4.07995271683
1538767932632668391,582,1538767932631903207,NED,1.90999996662,-4.07995271683
1538767932678390791,583,1538767932677918087,NED,2.16999983788,-4.07995271683
1538767932727660391,584,1538767932725678887,NED,2.1099998951,-4.07995271683
1538767932786515303,585,1538767932785492103,NED,2.09999990463,-4.07995271683
1538767932823122439,586,1538767932822623495,NED,2.03999996185,-0.913035452366
1538767932859396167,587,1538767932858666503,NED,2.01999998093,-0.913035452366
1538767932952401063,588,1538767932951425639,NED,1.74000000954,-0.913035452366
1538767932997437223,589,1538767932996637159,NED,1.28999996185,-0.913035452366
1538767933023332551,590,1538767933022282727,NED,1.27999997139,-0.913035452366
1538767933104836615,591,1538767933103707335,NED,0.539999961853,-0.913035452366
1538767933178662087,592,1538767933170520839,NED,0.539999961853,-0.913035452366
1538767933200375175,593,1538767933198215239,NED,-0.179999992251,-0.913035452366
1538767933220665959,594,1538767933218499367,NED,-0.170000001788,-0.913035452366
1538767933265129927,595,1538767933264523591,NED,-1.03999996185,2.66569185257
1538767933304660327,596,1538767933303612551,NED,-1.02999997139,2.66569185257
1538767933366748327,597,1538767933365732551,NED,-1.77999997139,2.66569185257
1538767933384682119,598,1538767933382833031,NED,-1.76999998093,2.66569185257
1538767933459105415,599,1538767933458514759,NED,-2.54999995232,2.66569185257
1538767933483534343,600,1538767933482800711,NED,-2.53999996185,2.66569185257
1538767933542870823,601,1538767933539035303,NED,-2.52999997139,2.66569185257
1538767933614450535,602,1538767933613737735,NED,-3.32999992371,2.66569185257
1538767933690918983,603,1538767933687102727,NED,-4.06999969482,3.4801671505
1538767933751842471,604,1538767933749928007,NED,-4.0499997139,3.4801671505
1538767933814563207,605,1538767933813999495,NED,-4.82999992371,3.4801671505
1538767933842625159,606,1538767933841980551,NED,-4.80999994278,3.4801671505
1538767933906699783,607,1538767933906132359,NED,-5.65000009537,3.4801671505
1538767933996916647,608,1538767933993877223,NED,-6.39999961853,3.4801671505
1538767934046886791,609,1538767934046354503,NED,-6.38999986649,2.84625220299
1538767934098462055,610,1538767934095938183,NED,-7.05999994278,2.84625220299
1538767934153529159,611,1538767934151988999,NED,-7.0499997139,2.84625220299
1538767934209457287,612,1538767934207902183,NED,-7.63999986649,2.84625220299
1538767934243080359,613,1538767934242519943,NED,-7.63999986649,2.84625220299
1538767934315250535,614,1538767934314725383,NED,-8.13999938965,2.84625220299
1538767934354860423,615,1538767934353339559,NED,-8.13000011444,2.84625220299
1538767934436298279,616,1538767934433634247,NED,-8.56999969482,1.29857170582
1538767934446547271,617,1538767934443456263,NED,-8.55999946594,1.29857170582
1538767934477150663,618,1538767934476341991,NED,-8.88000011444,1.29857170582
1538767934546235847,619,1538767934543658087,NED,-8.86999988556,1.29857170582
1538767934623519175,620,1538767934622109191,NED,-9.05999946594,1.29857170582
1538767934668316615,621,1538767934667568359,NED,-9.13000011444,1.29857170582
1538767934678443943,622,1538767934678043367,NED,-9.13000011444,1.29857170582
1538767934752033415,623,1538767934750095239,NED,-9.11999988556,-1.19792723656
1538767934815483079,624,1538767934814818951,NED,-9.07999992371,-1.19792723656
1538767934847809991,625,1538767934844545447,NED,-9.07999992371,-1.19792723656
1538767934905158439,626,1538767934904642375,NED,-8.89999961853,-1.19792723656
1538767934947013895,627,1538767934945816327,NED,-8.89999961853,-1.19792723656
1538767934994119495,628,1538767934992747367,NED,-8.72000026703,-1.19792723656
1538767935041978727,629,1538767935041512103,NED,-8.72000026703,-3.5670273304
1538767935110948455,630,1538767935108323271,NED,-8.44999980927,-3.5670273304
1538767935211906183,631,1538767935211144487,NED,-8.14999961853,-3.5670273304
1538767935243750663,632,1538767935242701159,NED,-8.14999961853,-3.5670273304
1538767935283117159,633,1538767935282393191,NED,-7.7999997139,-3.5670273304
1538767935349093799,634,1538767935348096039,NED,-7.7999997139,-3.5670273304
1538767935407794439,635,1538767935404977703,NED,-7.41999959946,-5.9219956398
1538767935468705511,636,1538767935468105255,NED,-6.96000003815,-5.9219956398
1538767935480987591,637,1538767935480429095,NED,-6.96000003815,-5.9219956398
1538767935578343335,638,1538767935572412359,NED,-6.48999977112,-5.9219956398
1538767935614654887,639,1538767935612476743,NED,-6.48999977112,-5.9219956398
1538767935667426503,640,1538767935665550567,NED,-5.94999980927,-5.9219956398
1538767935690785895,641,1538767935689710695,NED,-5.94999980927,-5.9219956398
1538767935759714183,642,1538767935758140967,NED,-5.94999980927,-5.9219956398
1538767935794003559,643,1538767935792698503,NED,-5.36999988556,-8.01647281647
1538767935858896551,644,1538767935857927751,NED,-5.36999988556,-8.01647281647
1538767935916617479,645,1538767935913492071,NED,-4.7999997139,-8.01647281647
1538767935971260679,646,1538767935970509671,NED,-4.23000001907,-8.01647281647
1538767935988915783,647,1538767935987625735,NED,-4.23000001907,-8.01647281647
1538767936045062471,648,1538767936042840487,NED,-4.21999979019,-8.01647281647
1538767936103400999,649,1538767936101546663,NED,-3.56999993324,-8.01647281647
1538767936200108007,650,1538767936199353703,NED,-2.91999983788,-8.37952613831
1538767936267658087,651,1538767936263105863,NED,-2.3599998951,-8.37952613831
1538767936320232487,652,1538767936316881703,NED,-2.3599998951,-8.37952613831
1538767936348131143,653,1538767936346006631,NED,-2.3599998951,-8.37952613831
1538767936412947463,654,1538767936409860871,NED,-1.87999999523,-7.36837482452
1538767936456427559,655,1538767936454357223,NED,-1.87999999523,-7.36837482452
1538767936502044039,656,1538767936501052807,NED,-1.40999996662,-7.36837482452
1538767936547411911,657,1538767936544997831,NED,-1.39999997616,-7.36837482452
1538767936605472519,658,1538767936604296103,NED,-0.959999978542,-7.36837482452
1538767936657960487,659,1538767936654722727,NED,-0.599999964237,-7.36837482452
1538767936742219207,660,1538767936739966311,NED,-0.610000014305,-6.14599180222
1538767936779753735,661,1538767936772772231,NED,-0.229999989271,-6.14599180222
1538767936819134247,662,1538767936818447303,NED,-0.239999994636,-6.14599180222
1538767936866234215,663,1538767936865834151,NED,-0.239999994636,-6.14599180222
1538767936922140423,664,1538767936921242215,NED,0.0799999982119,-6.14599180222
1538767936996913927,665,1538767936995814407,NED,0.419999986887,-6.14599180222
1538767937024284263,666,1538767937021550279,NED,0.419999986887,-6.14599180222
1538767937047757991,667,1538767937043893575,NED,0.409999996424,-4.8014292717
1538767937097234887,668,1538767937096409351,NED,0.689999997616,-4.8014292717
1538767937125762759,669,1538767937123099559,NED,0.680000007153,-4.8014292717
1538767937198433447,670,1538767937197811367,NED,0.879999995232,-4.8014292717
1538767937261546695,671,1538767937260625063,NED,1.00999999046,-4.8014292717
1538767937322252967,672,1538767937320883431,NED,1.0,-4.8014292717
1538767937394067399,673,1538767937388563143,NED,1.20999991894,-4.8014292717
1538767937426033607,674,1538767937418547527,NED,1.22000002861,-4.8014292717
1538767937463203687,675,1538767937462788807,NED,1.43999993801,-4.20819711685
1538767937524738887,676,1538767937524089735,NED,1.43999993801,-4.20819711685
1538767937571758823,677,1538767937569998631,NED,1.64999997616,-4.20819711685
1538767937621610023,678,1538767937619709543,NED,1.64999997616,-4.20819711685
1538767937684720903,679,1538767937682174471,NED,1.76999998093,-4.20819711685
1538767937757641127,680,1538767937755828391,NED,1.77999997139,-4.20819711685
1538767937788247687,681,1538767937786818695,NED,1.84999990463,-4.20819711685
1538767937829716455,682,1538767937825705927,NED,1.84999990463,-4.20819711685
1538767937891427687,683,1538767937885415335,NED,1.93999993801,-0.853696584702
1538767937927227751,684,1538767937925823751,NED,1.93999993801,-0.853696584702
1538767937974373863,685,1538767937970194567,NED,1.95999991894,-0.853696584702
1538767938013459015,686,1538767938009659783,NED,1.95999991894,-0.853696584702
1538767938062290919,687,1538767938060294087,NED,1.88999998569,-0.853696584702
1538767938109006279,688,1538767938105852999,NED,1.87999999523,-0.853696584702
1538767938148465735,689,1538767938145853511,NED,1.87999999523,-0.853696584702
1538767938214818151,690,1538767938214016391,NED,1.84999990463,-0.853696584702
1538767938248237383,691,1538767938245247431,NED,1.84999990463,-0.853696584702
1538767938313066759,692,1538767938309170247,NED,1.81999993324,0.199642270803
1538767938354697095,693,1538767938351381095,NED,1.82999992371,0.199642270803
1538767938385361191,694,1538767938383671655,NED,1.74000000954,0.199642270803
1538767938496222215,695,1538767938495583943,NED,1.62999999523,0.199642270803
1538767938566191591,696,1538767938561738023,NED,1.62999999523,0.199642270803
1538767938634669703,697,1538767938633958951,NED,1.63999998569,0.199642270803
1538767938661693895,698,1538767938661159559,NED,1.63999998569,-0.00739592080936
1538767938734386567,699,1538767938733913287,NED,1.63999998569,-0.00739592080936
1538767938754070823,700,1538767938751898023,NED,1.63999998569,-0.00739592080936
1538767938841886695,701,1538767938841137351,NED,1.67999994755,-0.00739592080936
1538767938858051655,702,1538767938857419015,NED,1.67999994755,-0.00739592080936
1538767938908741767,703,1538767938907936231,NED,1.74000000954,-0.00739592080936
1538767938941466375,704,1538767938939996455,NED,1.75,-0.00739592080936
1538767939005999719,705,1538767939005086215,NED,1.81999993324,-0.00739592080936
1538767939058878439,706,1538767939056185799,NED,1.81999993324,-0.00739592080936
1538767939106938343,707,1538767939106101895,NED,1.79999995232,-0.764073610306
1538767939129673575,708,1538767939128878503,NED,1.79999995232,-0.764073610306
1538767939217913159,709,1538767939212731271,NED,1.86000001431,-0.764073610306
1538767939244504807,710,1538767939242276839,NED,1.87000000477,-0.764073610306
1538767939290678311,711,1538767939288351111,NED,2.04999995232,-0.764073610306
1538767939344692391,712,1538767939343322119,NED,2.05999994278,-0.764073610306
1538767939404936807,713,1538767939404155527,NED,2.12999987602,-0.764073610306
1538767939465360263,714,1538767939464820487,NED,2.22000002861,0.377719372511
1538767939538018087,715,1538767939535040007,NED,2.23000001907,0.377719372511
1538767939553491015,716,1538767939552757831,NED,2.23000001907,0.377719372511
1538767939579820583,717,1538767939579085319,NED,2.33999991417,0.377719372511
1538767939668533607,718,1538767939667331559,NED,2.40999984741,0.377719372511
1538767939689696423,719,1538767939686256039,NED,2.40999984741,0.377719372511
1538767939773320135,720,1538767939772664487,NED,2.47000002861,0.377719372511
1538767939810438503,721,1538767939804716327,NED,2.47000002861,0.377719372511
1538767939854184551,722,1538767939853638855,NED,2.47000002861,0.377719372511
1538767939886487079,723,1538767939877794375,NED,2.58999991417,-0.641063034534
1538767939947266695,724,1538767939945910055,NED,2.59999990463,-0.641063034534
1538767940015848487,725,1538767940015073127,NED,2.74000000954,-0.641063034534
1538767940062414311,726,1538767940060869831,NED,2.74000000954,-0.641063034534
1538767940097385831,727,1538767940096414407,NED,2.86999988556,-0.641063034534
1538767940126345063,728,1538767940125152743,NED,2.8599998951,-0.47378385067
1538767940218297127,729,1538767940217283431,NED,2.96000003815,-0.47378385067
1538767940245278599,730,1538767940241869671,NED,2.95000004768,-0.47378385067
1538767940290963559,731,1538767940286746855,NED,2.89999985695,-0.47378385067
1538767940337949543,732,1538767940327855975,NED,2.89999985695,-0.47378385067
1538767940382639559,733,1538767940379945127,NED,2.80999994278,-0.47378385067
1538767940455241703,734,1538767940453615047,NED,2.81999993324,-0.47378385067
1538767940464593543,735,1538767940464072647,NED,2.65999984741,-0.47378385067
1538767940501581639,736,1538767940500526023,NED,2.65999984741,-0.47378385067
1538767940574355399,737,1538767940573266119,NED,2.5,-0.47378385067
1538767940617979015,738,1538767940610504231,NED,2.5,2.15052914619
1538767940626129415,739,1538767940624475079,NED,2.5,2.15052914619
1538767940661959079,740,1538767940660435655,NED,2.38999986649,2.15052914619
1538767940732306023,741,1538767940731238375,NED,2.39999985695,2.15052914619
1538767940806079527,742,1538767940804349927,NED,2.25,2.15052914619
1538767940821830599,743,1538767940820486471,NED,2.25,2.15052914619
1538767940865721927,744,1538767940863461511,NED,2.14999985695,2.15052914619
1538767940924562855,745,1538767940921622983,NED,2.14999985695,2.15052914619
1538767941002451943,746,1538767940994746631,NED,2.07999992371,0.514581978321
1538767941017175719,747,1538767941013929223,NED,2.07999992371,0.514581978321
1538767941096739687,748,1538767941092917799,NED,2.06999993324,0.514581978321
1538767941149278599,749,1538767941147859335,NED,2.05999994278,0.514581978321
1538767941205429095,750,1538767941204185063,NED,2.1099998951,0.514581978321
1538767941250215335,751,1538767941248893191,NED,2.1099998951,0.514581978321
1538767941309509927,752,1538767941308647847,NED,2.25,-0.384018361568
1538767941349014663,753,1538767941345896455,NED,2.25,-0.384018361568
1538767941404988615,754,1538767941399639335,NED,2.38999986649,-0.384018361568
1538767941464533831,755,1538767941463330599,NED,2.50999999046,-0.384018361568
1538767941504882727,756,1538767941504153607,NED,2.50999999046,-0.384018361568
1538767941546988295,757,1538767941544149671,NED,2.50999999046,-0.384018361568
1538767941584628583,758,1538767941581220743,NED,2.61999988556,-0.384018361568
1538767941654022823,759,1538767941652923463,NED,2.61999988556,0.0786992534995
1538767941698639015,760,1538767941697889383,NED,2.70000004768,0.0786992534995
1538767941774178567,761,1538767941769713031,NED,2.71000003815,0.0786992534995
1538767941850751623,762,1538767941843236999,NED,2.71000003815,0.0786992534995
1538767941873012391,763,1538767941867936423,NED,2.71000003815,0.473592609167
1538767941936413767,764,1538767941933062407,NED,2.75999999046,0.473592609167
1538767941967446055,765,1538767941966710599,NED,2.87999987602,0.473592609167
1538767942054105735,766,1538767942051583943,NED,2.86999988556,0.473592609167
1538767942075637287,767,1538767942074054983,NED,2.89999985695,0.473592609167
1538767942104537543,768,1538767942103290279,NED,2.88999986649,0.473592609167
1538767942165060423,769,1538767942163885351,NED,2.87999987602,0.473592609167
1538767942183473223,770,1538767942182359239,NED,2.88999986649,0.473592609167
1538767942269815111,771,1538767942267551271,NED,2.81999993324,0.802081823349
1538767942289868039,772,1538767942288925127,NED,2.80999994278,0.802081823349
1538767942348448007,773,1538767942346515335,NED,2.78999996185,0.802081823349
1538767942388888999,774,1538767942387814535,NED,2.44000005722,0.802081823349
1538767942462798759,775,1538767942455981383,NED,2.41999983788,0.802081823349
1538767942494414567,776,1538767942492990983,NED,1.89999997616,0.802081823349
1538767942555818343,777,1538767942555053415,NED,1.88999998569,3.91647529602
1538767942585164903,778,1538767942583803271,NED,1.31999993324,3.91647529602
1538767942646591623,779,1538767942641434439,NED,1.31999993324,3.91647529602
1538767942700223367,780,1538767942699203015,NED,0.729999959469,3.91647529602
1538767942775585255,781,1538767942774491431,NED,0.170000001788,3.91647529602
1538767942816365415,782,1538767942813194951,NED,0.179999992251,3.91647529602
1538767942851276167,783,1538767942850585287,NED,0.179999992251,3.91647529602
1538767942910452903,784,1538767942909199815,NED,-0.299999982119,3.52155280113
1538767942979111687,785,1538767942975901767,NED,-0.729999959469,3.52155280113
1538767942991035239,786,1538767942987306119,NED,-0.729999959469,3.52155280113
1538767943049595719,787,1538767943046247815,NED,-0.709999978542,3.52155280113
1538767943091404103,788,1538767943090400007,NED,-1.10000002384,3.52155280113
1538767943146869031,789,1538767943142791783,NED,-1.09000003338,3.52155280113
1538767943179943335,790,1538767943178780967,NED,-1.5,3.52155280113
1538767943246558407,791,1538767943245159847,NED,-1.5,3.52155280113
1538767943324801799,792,1538767943323561159,NED,-1.80999994278,3.25978255272
1538767943387240647,793,1538767943385750951,NED,-2.11999988556,3.25978255272
1538767943465784167,794,1538767943464293671,NED,-2.11999988556,3.25978255272
1538767943488492327,795,1538767943487708391,NED,-2.41999983788,3.25978255272
1538767943581181383,796,1538767943579090215,NED,-2.75,3.25978255272
1538767943597574375,797,1538767943596183719,NED,-2.75,3.25978255272
1538767943662630567,798,1538767943660500615,NED,-2.75999999046,3.25978255272
1538767943714121799,799,1538767943712631495,NED,-3.06999993324,2.91159129143
1538767943742313703,800,1538767943741577095,NED,-3.08999991417,2.91159129143
1538767943803739367,801,1538767943802814695,NED,-3.37999987602,2.91159129143
1538767943866284295,802,1538767943861207815,NED,-3.65999984741,2.91159129143
1538767943946974215,803,1538767943945053031,NED,-3.67999982834,2.91159129143
1538767943976400551,804,1538767943973594567,NED,-3.97000002861,2.91159129143
1538767944027593095,805,1538767944023902407,NED,-3.99000000954,2.91159129143
1538767944064115079,806,1538767944060442951,NED,-4.27999973297,2.91159129143
1538767944126227463,807,1538767944124561863,NED,-4.2999997139,1.55783987045
1538767944184875879,808,1538767944183597287,NED,-4.53999996185,1.55783987045
1538767944225929447,809,1538767944223737991,NED,-4.5499997139,1.55783987045
1538767944290951207,810,1538767944288853991,NED,-4.76999998093,1.55783987045
1538767944365517095,811,1538767944363652999,NED,-4.77999973297,1.55783987045
1538767944378258823,812,1538767944376946119,NED,-5.0,1.55783987045
1538767944435759591,813,1538767944430482631,NED,-5.01999998093,1.55783987045
1538767944464227079,814,1538767944462183591,NED,-5.25999975204,1.55783987045
1538767944536860391,815,1538767944534821543,NED,-5.26999998093,1.55783987045
1538767944594177351,816,1538767944593352039,NED,-5.48000001907,0.0756574720144
1538767944628463399,817,1538767944627098119,NED,-5.48999977112,0.0756574720144
1538767944650898151,818,1538767944646214791,NED,-5.5,0.0756574720144
1538767944716803591,819,1538767944712858759,NED,-5.73999977112,0.0756574720144
1538767944763879623,820,1538767944759862119,NED,-5.75,0.0756574720144
1538767944789511303,821,1538767944786698183,NED,-5.88999986649,0.0756574720144
1538767944886727943,822,1538767944878997927,NED,-5.96999979019,0.0756574720144
1538767944915275527,823,1538767944913802055,NED,-5.98000001907,0.0756574720144
1538767944951449127,824,1538767944950052455,NED,-5.98000001907,-0.811083257198
1538767945007675175,825,1538767945004918247,NED,-6.08999967575,-0.811083257198
1538767945061955207,826,1538767945060828007,NED,-6.09999990463,-0.811083257198
1538767945103284263,827,1538767945098908167,NED,-6.21000003815,-0.811083257198
1538767945145729511,828,1538767945141068743,NED,-6.21999979019,-0.811083257198
1538767945182064935,829,1538767945179200071,NED,-6.30999994278,-0.811083257198
1538767945225121543,830,1538767945224508711,NED,-6.30999994278,-0.811083257198
1538767945260428103,831,1538767945257912199,NED,-6.42000007629,-0.811083257198
1538767945323429159,832,1538767945322073127,NED,-6.42999982834,-1.44355237484
1538767945416465831,833,1538767945415371399,NED,-6.61999988556,-1.44355237484
1538767945449759495,834,1538767945442504295,NED,-6.61999988556,-1.44355237484
1538767945469056839,835,1538767945468328679,NED,-6.83999967575,-1.44355237484
1538767945542878535,836,1538767945541678407,NED,-6.83999967575,-1.44355237484
1538767945619230471,837,1538767945615135015,NED,-7.0499997139,-1.44355237484
1538767945649003399,838,1538767945647651783,NED,-7.0499997139,-1.44355237484
1538767945676175623,839,1538767945674791111,NED,-7.25999975204,-1.44355237484
1538767945701266151,840,1538767945699782791,NED,-7.25999975204,-2.21340751648
1538767945773132807,841,1538767945771764711,NED,-7.41999959946,-2.21340751648
1538767945812826983,842,1538767945811246439,NED,-7.41999959946,-2.21340751648
1538767945863455527,843,1538767945861463303,NED,-7.59999990463,-2.21340751648
1538767945910228135,844,1538767945908179367,NED,-7.59999990463,-2.21340751648
1538767945981492167,845,1538767945971586663,NED,-7.73000001907,-2.21340751648
1538767946001992263,846,1538767945998281479,NED,-7.73000001907,-2.21340751648
1538767946058370887,847,1538767946056755399,NED,-7.71999979019,-2.21340751648
1538767946097334023,848,1538767946095671399,NED,-7.7999997139,-3.2160320282
1538767946147535943,849,1538767946146591719,NED,-7.7999997139,-3.2160320282
1538767946184964487,850,1538767946183511623,NED,-7.71000003815,-3.2160320282
1538767946263146599,851,1538767946260829063,NED,-7.56999969482,-3.2160320282
1538767946293042759,852,1538767946292273415,NED,-7.56999969482,-3.2160320282
1538767946329741415,853,1538767946329167367,NED,-7.56999969482,-3.2160320282
1538767946417668167,854,1538767946414862279,NED,-7.44999980927,-3.2160320282
1538767946450829543,855,1538767946448366119,NED,-7.44999980927,-4.44967317581
1538767946511764423,856,1538767946506930951,NED,-7.19999980927,-4.44967317581
1538767946568648327,857,1538767946563205543,NED,-6.83999967575,-4.44967317581
1538767946585451367,858,1538767946583633319,NED,-6.83999967575,-4.44967317581
1538767946690431015,859,1538767946689816167,NED,-6.46000003815,-4.44967317581
1538767946783533479,860,1538767946778756935,NED,-6.0,-4.44967317581
1538767946852614183,861,1538767946850918119,NED,-6.0,-5.55309057236
1538767946938153351,862,1538767946937462823,NED,-5.58999967575,-5.55309057236
1538767946951873319,863,1538767946950796103,NED,-5.58999967575,-5.55309057236
1538767946992419623,864,1538767946989606375,NED,-5.23999977112,-5.55309057236
1538767947019588039,865,1538767947018398311,NED,-5.23999977112,-5.55309057236
1538767947081982087,866,1538767947081173991,NED,-4.88000011444,-5.55309057236
1538767947141322215,867,1538767947140502535,NED,-4.86999988556,-5.55309057236
1538767947172327271,868,1538767947167992455,NED,-4.46999979019,-5.55309057236
1538767947227191431,869,1538767947226064039,NED,-4.46000003815,-5.55309057236
1538767947260256999,870,1538767947258745575,NED,-3.97000002861,-5.03471326828
1538767947349151495,871,1538767947348331815,NED,-3.95999979973,-5.03471326828
1538767947397095751,872,1538767947396472359,NED,-3.37999987602,-5.03471326828
1538767947464916583,873,1538767947464218375,NED,-2.79999995232,-5.03471326828
1538767947552168903,874,1538767947549203047,NED,-2.81999993324,-5.03471326828
1538767947566716455,875,1538767947564491047,NED,-2.25999999046,-5.03471326828
1538767947638339431,876,1538767947637270567,NED,-2.26999998093,-5.03471326828
1538767947666990919,877,1538767947664738311,NED,-1.83999991417,-4.5157084465
1538767947720570119,878,1538767947712873831,NED,-1.83999991417,-4.5157084465
1538767947747703527,879,1538767947747172999,NED,-1.84999990463,-4.5157084465
1538767947813886343,880,1538767947813171367,NED,-1.43999993801,-4.5157084465
1538767947847081063,881,1538767947846020999,NED,-1.44999992847,-4.5157084465
1538767947922060327,882,1538767947920426279,NED,-1.09000003338,-4.5157084465
1538767947986143047,883,1538767947980643143,NED,-0.729999959469,-4.5157084465
1538767948070140775,884,1538767948065540967,NED,-0.729999959469,-3.61686229706
1538767948115354759,885,1538767948114125927,NED,-0.459999978542,-3.61686229706
1538767948176711847,886,1538767948175472327,NED,-0.170000001788,-3.61686229706
1538767948201495399,887,1538767948198900679,NED,-0.170000001788,-3.61686229706
1538767948244909767,888,1538767948244068775,NED,-0.159999996424,-3.61686229706
1538767948314775879,889,1538767948314191367,NED,0.149999991059,-3.61686229706
1538767948353008519,890,1538767948352125991,NED,0.149999991059,-2.87823224068
1538767948414384903,891,1538767948413396263,NED,0.469999998808,-2.87823224068
1538767948470391783,892,1538767948469677895,NED,0.740000009537,-2.87823224068
1538767948497669607,893,1538767948487070855,NED,0.740000009537,-2.87823224068
1538767948546713351,894,1538767948546123943,NED,0.740000009537,-2.87823224068
1538767948596671527,895,1538767948593603783,NED,1.01999998093,-2.87823224068
1538767948690018215,896,1538767948688998599,NED,1.29999995232,-2.87823224068
1538767948759565479,897,1538767948758154951,NED,1.30999994278,-2.08738946915
1538767948795805351,898,1538767948792735559,NED,1.57999992371,-2.08738946915
1538767948854595143,899,1538767948853568839,NED,1.58999991417,-2.08738946915
1538767948910242343,900,1538767948909637991,NED,1.90999996662,-2.08738946915
1538767948989672519,901,1538767948984834183,NED,2.24000000954,-2.08738946915
1538767949004378791,902,1538767949001262311,NED,2.25,-2.08738946915
1538767949044349223,903,1538767949043412775,NED,2.25,-2.08738946915
1538767949084824231,904,1538767949082935975,NED,2.51999998093,-1.13465297222
1538767949150897127,905,1538767949148320615,NED,2.51999998093,-1.13465297222
1538767949187836743,906,1538767949186202055,NED,2.77999997139,-1.13465297222
1538767949254458919,907,1538767949253468583,NED,3.03999996185,-1.13465297222
1538767949297574503,908,1538767949294850375,NED,3.03999996185,-1.13465297222
1538767949351317927,909,1538767949347816775,NED,3.04999995232,-1.13465297222
1538767949372455399,910,1538767949370678439,NED,3.24000000954,-1.13465297222
1538767949450289479,911,1538767949445494855,NED,3.25,-1.13465297222
1538767949538729575,912,1538767949535702983,NED,3.37999987602,-1.13465297222
1538767949567416583,913,1538767949564621191,NED,3.37999987602,-1.13465297222
1538767949581516615,914,1538767949580543783,NED,3.52999997139,-1.13465297222
1538767949654980583,915,1538767949654604199,NED,3.52999997139,0.959698677063
1538767949683224263,916,1538767949682775751,NED,3.65999984741,0.959698677063
1538767949749164871,917,1538767949746140647,NED,3.65999984741,0.959698677063
1538767949802273927,918,1538767949800683207,NED,3.74000000954,0.959698677063
1538767949857503815,919,1538767949856523175,NED,3.74000000954,0.959698677063
1538767949883749799,920,1538767949882560039,NED,3.76999998093,0.959698677063
1538767949947664743,921,1538767949946194727,NED,3.76999998093,2.6486093998
1538767950047169159,922,1538767950046215943,NED,3.70999979973,2.6486093998
1538767950080443271,923,1538767950079379079,NED,3.6899998188,2.6486093998
1538767950154804455,924,1538767950152079431,NED,3.6899998188,2.6486093998
1538767950189894951,925,1538767950186380839,NED,3.77999997139,2.6486093998
1538767950247523879,926,1538767950246093735,NED,3.76999998093,2.6486093998
1538767950286636391,927,1538767950285731111,NED,3.83999991417,2.60432434082
1538767950353849959,928,1538767950351750055,NED,3.83999991417,2.60432434082
1538767950387044135,929,1538767950383299815,NED,3.95999979973,2.60432434082
1538767950574553351,930,1538767950573454535,NED,4.07999992371,2.60432434082
1538767950632887079,931,1538767950630888103,NED,4.07999992371,2.60432434082
1538767950661956743,932,1538767950653731399,NED,4.07999992371,2.60432434082
1538767950688755687,933,1538767950688288743,NED,4.19999980927,2.60432434082
1538767950722553671,934,1538767950721474151,NED,4.19999980927,2.60432434082
1538767950768780487,935,1538767950768096263,NED,4.25,2.29401540756
1538767950822092199,936,1538767950820925863,NED,4.25,2.29401540756
1538767950857257511,937,1538767950856331655,NED,4.25,2.29401540756
1538767950923533607,938,1538767950922899495,NED,4.30999994278,2.29401540756
1538767950997011879,939,1538767950992281255,NED,4.32999992371,2.29401540756
1538767951022816967,940,1538767951020540039,NED,4.32999992371,2.29401540756
1538767951087742343,941,1538767951087010119,NED,4.26999998093,2.29401540756
1538767951121603111,942,1538767951120704487,NED,4.26999998093,3.04144525528
1538767951175955655,943,1538767951174310311,NED,4.19000005722,3.04144525528
1538767951221783687,944,1538767951218757415,NED,4.19000005722,3.04144525528
1538767951273091687,945,1538767951272258247,NED,4.07999992371,3.04144525528
1538767951328379591,946,1538767951327598695,NED,4.07999992371,3.04144525528
1538767951395796711,947,1538767951394049255,NED,3.95999979973,3.04144525528
1538767951425245287,948,1538767951423660135,NED,3.95999979973,3.04144525528
1538767951460847495,949,1538767951460263911,NED,3.90999984741,3.04144525528
1538767951526425735,950,1538767951525901255,NED,3.90999984741,3.04144525528
1538767951575212999,951,1538767951571998279,NED,3.99000000954,3.04144525528
1538767951654583367,952,1538767951651414151,NED,3.99000000954,2.42493963242
1538767951667858631,953,1538767951667167527,NED,4.11999988556,2.42493963242
1538767951750631047,954,1538767951747696455,NED,4.11999988556,2.42493963242
1538767951788948743,955,1538767951788126279,NED,4.31999969482,2.42493963242
1538767951834611111,956,1538767951830400743,NED,4.30999994278,2.42493963242
1538767951851250215,957,1538767951850342183,NED,4.30999994278,2.42493963242
1538767951950433735,958,1538767951949830599,NED,4.48999977112,2.42493963242
1538767951981269959,959,1538767951980450887,NED,4.63999986649,2.31087875366
1538767952050851655,960,1538767952047099655,NED,4.63999986649,2.31087875366
1538767952060867623,961,1538767952058636903,NED,4.77999973297,2.31087875366
1538767952104976199,962,1538767952102954311,NED,4.77999973297,2.31087875366
1538767952168364423,963,1538767952167677479,NED,4.98000001907,2.31087875366
1538767952178332711,964,1538767952177626023,NED,4.98000001907,2.31087875366
1538767952245510695,965,1538767952242915879,NED,4.98999977112,2.31087875366
1538767952292519943,966,1538767952291764679,NED,5.19999980927,2.31087875366
1538767952351185799,967,1538767952350422183,NED,5.19999980927,2.20762085915
1538767952383280103,968,1538767952379495079,NED,5.38000011444,2.20762085915
1538767952424661223,969,1538767952421664743,NED,5.38000011444,2.20762085915
1538767952460817607,970,1538767952460212839,NED,5.53999996185,2.20762085915
1538767952575616551,971,1538767952573165063,NED,5.65000009537,2.20762085915
1538767952646558471,972,1538767952637550375,NED,5.65999984741,2.20762085915
1538767952711269575,973,1538767952710306151,NED,5.71999979019,2.20762085915
1538767952726736391,974,1538767952726094311,NED,5.71999979019,2.20762085915
1538767952781330471,975,1538767952779785895,NED,5.75,4.09667253494
1538767952832631303,976,1538767952830060839,NED,5.75999975204,4.09667253494
1538767952872254375,977,1538767952868460007,NED,5.75999975204,4.09667253494
1538767952936353959,978,1538767952933692903,NED,5.75,4.09667253494
1538767952968673767,979,1538767952965271527,NED,5.84999990463,4.09667253494
1538767953047630983,980,1538767953044928071,NED,5.84999990463,4.09667253494
1538767953094464423,981,1538767953093722279,NED,6.00999975204,3.39682650566
1538767953118329959,982,1538767953110990215,NED,6.00999975204,3.39682650566
1538767953149762503,983,1538767953148928743,NED,6.00999975204,3.39682650566
1538767953215888487,984,1538767953214320551,NED,6.21999979019,3.39682650566
1538767953240668199,985,1538767953239486343,NED,6.23000001907,3.39682650566
1538767953306302311,986,1538767953305457863,NED,6.40999984741,3.39682650566
1538767953352992231,987,1538767953347295943,NED,6.42000007629,3.39682650566
1538767953388635975,988,1538767953387318343,NED,6.61999988556,3.39682650566
1538767953485132743,989,1538767953483404071,NED,6.84999990463,3.39682650566
1538767953579891559,990,1538767953578693927,NED,7.05999994278,1.40275132656
1538767953605153575,991,1538767953603969511,NED,7.06999969482,1.40275132656
1538767953645312583,992,1538767953642326279,NED,7.09999990463,1.40275132656
1538767953686091623,993,1538767953684700423,NED,7.25,1.40275132656
1538767953747337831,994,1538767953746317735,NED,7.25999975204,1.40275132656
1538767953802539687,995,1538767953801303879,NED,7.27999973297,1.69017994404
1538767953843169319,996,1538767953842210183,NED,7.28999996185,1.69017994404
1538767953911249863,997,1538767953910291719,NED,7.25,1.69017994404
1538767953977089255,998,1538767953975667527,NED,7.17999982834,1.69017994404
1538767954014703751,999,1538767954013153863,NED,7.17000007629,1.69017994404
1538767954043659943,1000,1538767954041473383,NED,7.17000007629,1.69017994404
1538767954111137511,1001,1538767954106104007,NED,7.05999994278,1.69017994404
1538767954152626727,1002,1538767954151502311,NED,7.0499997139,1.69017994404
1538767954189773031,1003,1538767954188861959,NED,6.96000003815,1.32708132267
1538767954243591079,1004,1538767954239755559,NED,6.94999980927,1.32708132267
1538767954282341735,1005,1538767954280922727,NED,6.86999988556,1.32708132267
1538767954353344455,1006,1538767954352335911,NED,6.86999988556,1.32708132267
1538767954380148711,1007,1538767954378549415,NED,6.86999988556,1.32708132267
1538767954450063207,1008,1538767954449364423,NED,6.86999988556,1.32708132267
1538767954509544871,1009,1538767954506262887,NED,6.89999961853,1.32708132267
1538767954553307111,1010,1538767954549786567,NED,6.89999961853,1.32708132267
1538767954620622279,1011,1538767954614980199,NED,6.94000005722,-1.06406354904
1538767954644330727,1012,1538767954643257127,NED,6.94000005722,-1.06406354904
1538767954696845767,1013,1538767954690088871,NED,6.86999988556,-1.06406354904
1538767954742132807,1014,1538767954740972743,NED,6.8799996376,-1.06406354904
1538767954804995047,1015,1538767954803813319,NED,6.73000001907,-1.06406354904
1538767954852444455,1016,1538767954844503399,NED,6.73999977112,-1.06406354904
1538767954888822407,1017,1538767954887145351,NED,6.56999969482,-1.06406354904
1538767954973024487,1018,1538767954968278343,NED,6.58999967575,-1.06406354904
1538767954996146759,1019,1538767954993214215,NED,6.2999997139,-1.06406354904
1538767955057928263,1020,1538767955054305415,NED,6.30999994278,-1.06406354904
1538767955135927815,1021,1538767955134423975,NED,5.94000005722,1.35403895378
1538767955176466983,1022,1538767955174183271,NED,5.5499997139,1.35403895378
1538767955186191207,1023,1538767955185816615,NED,5.5499997139,1.35403895378
1538767955272582279,1024,1538767955268055783,NED,5.17000007629,1.35403895378
1538767955361448167,1025,1538767955356775847,NED,5.17000007629,1.35403895378
1538767955395304007,1026,1538767955390472935,NED,4.80999994278,1.35403895378
1538767955457016903,1027,1538767955455677287,NED,4.80999994278,1.35403895378
1538767955490146503,1028,1538767955488243495,NED,4.42000007629,2.19610691071
1538767955589985543,1029,1538767955589270343,NED,3.8599998951,2.19610691071
1538767955665984871,1030,1538767955661283943,NED,3.84999990463,2.19610691071
1538767955692459719,1031,1538767955691476615,NED,3.32999992371,2.19610691071
1538767955740417383,1032,1538767955738637575,NED,3.32999992371,2.19610691071
1538767955793433287,1033,1538767955791518247,NED,2.71000003815,2.19610691071
1538767955866550759,1034,1538767955864543207,NED,1.94999992847,3.71593666077
1538767955907240359,1035,1538767955906170887,NED,1.94999992847,3.71593666077
1538767955999658951,1036,1538767955995736135,NED,1.29999995232,3.71593666077
1538767956050015847,1037,1538767956047070151,NED,1.27999997139,3.71593666077
1538767956084942279,1038,1538767956082661927,NED,0.560000002384,3.71593666077
1538767956143953639,1039,1538767956143276391,NED,0.539999961853,6.42088079453
1538767956192798663,1040,1538767956190019847,NED,-0.280000001192,6.42088079453
1538767956251866983,1041,1538767956250538631,NED,-0.289999991655,6.42088079453
1538767956284963047,1042,1538767956283023431,NED,-0.959999978542,6.42088079453
1538767956349721319,1043,1538767956344288071,NED,-0.949999988079,6.42088079453
1538767956413028391,1044,1538767956411901895,NED,-1.44999992847,6.42088079453
1538767956456375719,1045,1538767956450612711,NED,-1.44999992847,6.42088079453
1538767956501414247,1046,1538767956497513991,NED,-1.80999994278,3.21840047836
1538767956556803591,1047,1538767956553113703,NED,-1.80999994278,3.21840047836
1538767956604291079,1048,1538767956601225511,NED,-2.09999990463,3.21840047836
1538767956679394471,1049,1538767956678293511,NED,-2.37999987602,3.21840047836
1538767956701671303,1050,1538767956700325127,NED,-2.37999987602,3.21840047836
1538767956762896231,1051,1538767956761906407,NED,-2.37999987602,3.21840047836
1538767956788183207,1052,1538767956787481159,NED,-2.59999990463,3.21840047836
1538767956863107751,1053,1538767956858991399,NED,-2.58999991417,3.21840047836
1538767956891371751,1054,1538767956890482407,NED,-2.75,-0.384436011314
1538767956955785735,1055,1538767956954145671,NED,-2.75,-0.384436011314
1538767956979717319,1056,1538767956976791527,NED,-2.96000003815,-0.384436011314
1538767957069018183,1057,1538767957062682215,NED,-3.08999991417,-0.384436011314
1538767957109225959,1058,1538767957106350695,NED,-3.08999991417,-0.384436011314
1538767957164678215,1059,1538767957161266279,NED,-3.25999999046,-0.384436011314
1538767957224191431,1060,1538767957222141127,NED,-3.25999999046,0.909875035286
1538767957265236551,1061,1538767957264253031,NED,-3.55999994278,0.909875035286
1538767957308435495,1062,1538767957305519719,NED,-3.56999993324,0.909875035286
1538767957367475559,1063,1538767957365755463,NED,-3.92999982834,0.909875035286
1538767957394325415,1064,1538767957393039719,NED,-3.92999982834,0.909875035286
1538767957466226279,1065,1538767957460433607,NED,-4.36999988556,0.909875035286
1538767957504980615,1066,1538767957504132583,NED,-4.36999988556,0.909875035286
1538767957576136775,1067,1538767957574472103,NED,-4.85999965668,0.909875035286
1538767957588270759,1068,1538767957587280711,NED,-4.86999988556,0.909875035286
1538767957651784487,1069,1538767957650976423,NED,-4.88000011444,1.90246343613
1538767957686284903,1070,1538767957682799559,NED,-5.35999965668,1.90246343613
1538767957744945799,1071,1538767957743284551,NED,-5.36999988556,1.90246343613
1538767957795298631,1072,1538767957790128359,NED,-5.90000009537,1.90246343613
1538767957861394151,1073,1538767957849119847,NED,-5.88999986649,1.90246343613
1538767957890128423,1074,1538767957885540487,NED,-6.31999969482,1.90246343613
1538767957946537159,1075,1538767957943162407,NED,-6.30999994278,1.90246343613
1538767958020125863,1076,1538767958015921575,NED,-6.67000007629,1.90246343613
1538767958064565607,1077,1538767958061090375,NED,-6.65999984741,-0.24621988833
1538767958110529895,1078,1538767958107365863,NED,-6.96000003815,-0.24621988833
1538767958197671399,1079,1538767958192852423,NED,-7.25,-0.24621988833
1538767958265616615,1080,1538767958263807623,NED,-7.23999977112,-0.24621988833
1538767958299232391,1081,1538767958297978759,NED,-7.42999982834,-0.24621988833
1538767958361752551,1082,1538767958356407047,NED,-7.42999982834,-0.24621988833
1538767958403999975,1083,1538767958401507943,NED,-7.50999975204,-1.3351675272
1538767958459425511,1084,1538767958457571399,NED,-7.50999975204,-1.3351675272
1538767958511310343,1085,1538767958506736647,NED,-7.53999996185,-1.3351675272
1538767958547522567,1086,1538767958546276391,NED,-7.53999996185,-1.3351675272
1538767958594768839,1087,1538767958591048519,NED,-7.58999967575,-1.3351675272
1538767958651891399,1088,1538767958650509223,NED,-7.58999967575,-1.3351675272
1538767958685680391,1089,1538767958684796711,NED,-7.46999979019,-1.3351675272
1538767958743616903,1090,1538767958741638183,NED,-7.48000001907,-1.3351675272
1538767958774662631,1091,1538767958769312679,NED,-7.31999969482,-1.3351675272
1538767958850358119,1092,1538767958844295687,NED,-7.31999969482,-1.3351675272
1538767958886484519,1093,1538767958885764487,NED,-7.32999992371,-5.38417434692
1538767958937225671,1094,1538767958934416711,NED,-7.14999961853,-5.38417434692
1538767958988796775,1095,1538767958986861543,NED,-7.02999973297,-5.38417434692
1538767959024908647,1096,1538767959022714311,NED,-7.03999996185,-5.38417434692
1538767959092859367,1097,1538767959092277799,NED,-6.92999982834,-5.38417434692
1538767959118202791,1098,1538767959117419655,NED,-6.92999982834,-5.38417434692
1538767959149060423,1099,1538767959147707815,NED,-6.92999982834,-5.38417434692
1538767959208916263,1100,1538767959208262247,NED,-6.80999994278,-5.38417434692
1538767959264615911,1101,1538767959262302375,NED,-6.80999994278,-5.38417434692
1538767959291034727,1102,1538767959289669287,NED,-6.67999982834,-5.24479675293
1538767959347792903,1103,1538767959346600551,NED,-6.69000005722,-5.24479675293
1538767959382183687,1104,1538767959381004999,NED,-6.5499997139,-5.24479675293
1538767959449495687,1105,1538767959447496615,NED,-6.5499997139,-5.24479675293
1538767959499829127,1106,1538767959498462663,NED,-6.3799996376,-5.24479675293
1538767959557741959,1107,1538767959551784903,NED,-6.3799996376,-5.24479675293
1538767959629287015,1108,1538767959626713543,NED,-6.28999996185,-5.24479675293
1538767959664466855,1109,1538767959659356903,NED,-6.28999996185,-5.24479675293
1538767959696344199,1110,1538767959695140551,NED,-6.25,-5.24479675293
1538767959761416487,1111,1538767959760839911,NED,-6.25999975204,-4.78090381622
1538767959801774247,1112,1538767959798427175,NED,-6.21000003815,-4.78090381622
1538767959856403879,1113,1538767959854871207,NED,-6.21999979019,-4.78090381622
1538767959904361895,1114,1538767959903286791,NED,-6.17999982834,-4.78090381622
1538767959967303783,1115,1538767959965075495,NED,-6.13999986649,-4.78090381622
1538767959987025159,1116,1538767959985705863,NED,-6.13999986649,-4.78090381622
1538767960069627239,1117,1538767960066731175,NED,-6.13999986649,-4.73576641083
1538767960093408199,1118,1538767960090702311,NED,-6.1299996376,-4.73576641083
1538767960174249543,1119,1538767960173135207,NED,-6.07999992371,-4.73576641083
1538767960199625575,1120,1538767960198874375,NED,-6.06999969482,-4.73576641083
1538767960248758119,1121,1538767960247498471,NED,-6.05999994278,-4.73576641083
1538767960296426055,1122,1538767960292364135,NED,-6.0499997139,-4.73576641083
1538767960371500103,1123,1538767960370509511,NED,-6.01999998093,-4.73576641083
1538767960420068039,1124,1538767960416127591,NED,-6.00999975204,-4.73576641083
1538767960463836359,1125,1538767960462368039,NED,-6.0,-5.38065624237
1538767960501321095,1126,1538767960499333959,NED,-5.8799996376,-5.38065624237
1538767960550009703,1127,1538767960548703559,NED,-5.86999988556,-5.38065624237
1538767960600391047,1128,1538767960597980967,NED,-5.65999984741,-5.38065624237
1538767960674945479,1129,1538767960673567911,NED,-5.33999967575,-5.38065624237
1538767960736446535,1130,1538767960732996935,NED,-5.33999967575,-5.38065624237
1538767960762606535,1131,1538767960761590855,NED,-5.32999992371,-5.38065624237
1538767960790781223,1132,1538767960785502759,NED,-5.0,-5.38065624237
1538767960855001319,1133,1538767960853628071,NED,-5.0,-5.66935968399
1538767960914077671,1134,1538767960912773447,NED,-4.61999988556,-5.66935968399
1538767960950661735,1135,1538767960947426727,NED,-4.61999988556,-5.66935968399
1538767961013908679,1136,1538767961012471431,NED,-4.15000009537,-5.66935968399
1538767961041171623,1137,1538767961040079911,NED,-4.15000009537,-5.66935968399
1538767961089438183,1138,1538767961081569479,NED,-3.65999984741,-5.66935968399
1538767961152568583,1139,1538767961151146087,NED,-3.64999985695,-6.03187274933
1538767961203309319,1140,1538767961202317351,NED,-3.19999980927,-6.03187274933
1538767961246107559,1141,1538767961245462663,NED,-3.19999980927,-6.03187274933
1538767961314610215,1142,1538767961313274183,NED,-2.70000004768,-6.03187274933
1538767961364208935,1143,1538767961361894855,NED,-2.23000001907,-6.03187274933
1538767961437057063,1144,1538767961436226695,NED,-2.22000002861,-6.03187274933
1538767961468221607,1145,1538767961466952263,NED,-1.70999991894,-6.03187274933
1538767961540747111,1146,1538767961534169543,NED,-1.70999991894,-6.03187274933
1538767961566807047,1147,1538767961565771207,NED,-1.70999991894,-4.33500814438
1538767961581494183,1148,1538767961580271847,NED,-1.24000000954,-4.33500814438
1538767961669930631,1149,1538767961664604647,NED,-0.769999980927,-4.33500814438
1538767961698122791,1150,1538767961697325703,NED,-0.769999980927,-4.33500814438
1538767961772410023,1151,1538767961770887111,NED,-0.409999996424,-4.33500814438
1538767961802688743,1152,1538767961801452231,NED,-0.419999986887,-4.33500814438
1538767961844567079,1153,1538767961843618023,NED,-0.439999997616,-4.33500814438
1538767961895734535,1154,1538767961893830727,NED,-0.0999999940395,-4.33500814438
1538767961977682151,1155,1538767961975412487,NED,0.149999991059,-4.33500814438
1538767961998215911,1156,1538767961997499079,NED,0.140000000596,-4.33500814438
1538767962057734023,1157,1538767962056588743,NED,0.129999995232,-3.17265605927
1538767962100372359,1158,1538767962093462215,NED,0.289999991655,-3.17265605927
1538767962154130855,1159,1538767962152500487,NED,0.269999980927,-3.17265605927
1538767962189188103,1160,1538767962186966151,NED,0.379999995232,-3.17265605927
1538767962247000487,1161,1538767962245900295,NED,0.370000004768,-3.17265605927
1538767962279443079,1162,1538767962278339271,NED,0.399999976158,-3.17265605927
1538767962328577479,1163,1538767962327313191,NED,0.399999976158,-3.17265605927
1538767962387305351,1164,1538767962384941639,NED,0.409999996424,-3.17265605927
1538767962428121159,1165,1538767962425450567,NED,0.399999976158,-1.39506554604
1538767962475716839,1166,1538767962473058119,NED,0.359999984503,-1.39506554604
1538767962501915495,1167,1538767962500638503,NED,0.359999984503,-1.39506554604
1538767962528209959,1168,1538767962525787655,NED,0.359999984503,-1.39506554604
1538767962588388775,1169,1538767962584863303,NED,0.289999991655,-1.39506554604
1538767962647359143,1170,1538767962642575719,NED,0.289999991655,-1.39506554604
1538767962706862151,1171,1538767962705656263,NED,0.159999996424,-1.39506554604
1538767962749159975,1172,1538767962747903975,NED,0.159999996424,-1.39506554604
1538767962812228327,1173,1538767962807062183,NED,-0.019999999553,1.17554783821
1538767962893175559,1174,1538767962890503175,NED,-0.299999982119,1.17554783821
1538767962949418119,1175,1538767962943115527,NED,-0.310000002384,1.17554783821
1538767963016809895,1176,1538767963015012999,NED,-0.699999988079,1.17554783821
1538767963054460999,1177,1538767963053604039,NED,-0.699999988079,1.17554783821
1538767963105528583,1178,1538767963100512359,NED,-1.12999999523,2.02429819107
1538767963145611687,1179,1538767963142663655,NED,-1.12999999523,2.02429819107
1538767963195063527,1180,1538767963193719207,NED,-1.51999998093,2.02429819107
1538767963247509575,1181,1538767963245898567,NED,-1.51999998093,2.02429819107
1538767963285157383,1182,1538767963283699111,NED,-1.90999996662,2.02429819107
1538767963331525127,1183,1538767963330354151,NED,-1.90999996662,2.02429819107
1538767963403266375,1184,1538767963398925895,NED,-2.33999991417,2.02429819107
1538767963464218887,1185,1538767963462801895,NED,-2.81999993324,2.02429819107
1538767963489796199,1186,1538767963482657607,NED,-2.81999993324,2.02429819107
1538767963555173863,1187,1538767963548892103,NED,-2.82999992371,3.11658549309
1538767963579024743,1188,1538767963578111367,NED,-3.21000003815,3.11658549309
1538767963657592999,1189,1538767963653191591,NED,-3.21000003815,3.11658549309
1538767963715614727,1190,1538767963706131751,NED,-3.55999994278,3.11658549309
1538767963772003495,1191,1538767963770331431,NED,-3.84999990463,3.11658549309
1538767963805134631,1192,1538767963804625191,NED,-3.8599998951,2.44701933861
1538767963861819239,1193,1538767963860800327,NED,-3.8599998951,2.44701933861
1538767963909094439,1194,1538767963908378119,NED,-4.01999998093,2.44701933861
1538767963949550727,1195,1538767963948806823,NED,-4.02999973297,2.44701933861
1538767963986655047,1196,1538767963986219207,NED,-4.15999984741,2.44701933861
1538767964062101479,1197,1538767964061141191,NED,-4.23000001907,2.44701933861
1538767964109074919,1198,1538767964106748071,NED,-4.23999977112,2.44701933861
1538767964155997415,1199,1538767964151036359,NED,-4.23999977112,2.44701933861
1538767964213648327,1200,1538767964210230151,NED,-4.25999975204,1.73048233986
1538767964257710791,1201,1538767964255138471,NED,-4.25999975204,1.73048233986
1538767964357224615,1202,1538767964351481927,NED,-4.27999973297,1.73048233986
1538767964421277607,1203,1538767964418145671,NED,-4.34999990463,1.73048233986
1538767964468572903,1204,1538767964464303175,NED,-4.38999986649,1.73048233986
1538767964511556615,1205,1538767964507506855,NED,-4.38999986649,1.18314898014
1538767964545103815,1206,1538767964543476615,NED,-4.38999986649,1.18314898014
1538767964615760647,1207,1538767964614221895,NED,-4.44000005722,1.18314898014
1538767964673534279,1208,1538767964669615943,NED,-4.44000005722,1.18314898014
1538767964708756007,1209,1538767964695921671,NED,-4.46000003815,1.18314898014
1538767964773420519,1210,1538767964770450471,NED,-4.51999998093,1.18314898014
1538767964807785095,1211,1538767964805474727,NED,-4.51999998093,1.18314898014
1538767964876732967,1212,1538767964870516743,NED,-4.51999998093,1.18314898014
1538767964916003079,1213,1538767964910653447,NED,-4.51999998093,1.18314898014
1538767964973081863,1214,1538767964971559623,NED,-4.46999979019,-0.591229498386
1538767965014389831,1215,1538767965013397927,NED,-4.46999979019,-0.591229498386
1538767965048644615,1216,1538767965045480583,NED,-4.46000003815,-0.591229498386
1538767965121006631,1217,1538767965118408967,NED,-4.36000013351,-0.591229498386
1538767965150959687,1218,1538767965149725831,NED,-4.36000013351,-0.591229498386
1538767965182095943,1219,1538767965178250215,NED,-4.21999979019,-0.591229498386
1538767965250483687,1220,1538767965248238279,NED,-4.21999979019,-0.591229498386
1538767965308789127,1221,1538767965301170343,NED,-4.01999998093,-2.10647463799
1538767965381142823,1222,1538767965379770663,NED,-3.81999993324,-2.10647463799
1538767965430425671,1223,1538767965428301415,NED,-3.81999993324,-2.10647463799
1538767965458793671,1224,1538767965457701255,NED,-3.58999991417,-2.10647463799
1538767965527448615,1225,1538767965525626823,NED,-3.57999992371,-2.10647463799
1538767965592909255,1226,1538767965591003847,NED,-3.33999991417,-2.10647463799
1538767965640623655,1227,1538767965636397447,NED,-3.32999992371,-2.10647463799
1538767965682754023,1228,1538767965678847559,NED,-3.04999995232,-3.00622558594
1538767965727879719,1229,1538767965723112423,NED,-3.04999995232,-3.00622558594
1538767965787969735,1230,1538767965782727623,NED,-2.76999998093,-3.00622558594
1538767965828541799,1231,1538767965827542375,NED,-2.76999998093,-3.00622558594
1538767965880059943,1232,1538767965878989063,NED,-2.45000004768,-3.00622558594
1538767965945078215,1233,1538767965944069895,NED,-2.45000004768,-2.7472910881
1538767965979557511,1234,1538767965978705767,NED,-2.13999986649,-2.7472910881
1538767966048323079,1235,1538767966047407527,NED,-2.13999986649,-2.7472910881
1538767966061334567,1236,1538767966059979559,NED,-2.13999986649,-2.7472910881
1538767966133938631,1237,1538767966132921799,NED,-1.82999992371,-2.7472910881
1538767966179003463,1238,1538767966177668359,NED,-1.45999991894,-2.7472910881
1538767966235944775,1239,1538767966235025671,NED,-1.45999991894,-2.7472910881
1538767966274348743,1240,1538767966272990535,NED,-1.12999999523,-2.79494643211
1538767966336416647,1241,1538767966332841767,NED,-1.12999999523,-2.79494643211
1538767966377238503,1242,1538767966371600807,NED,-0.789999961853,-2.79494643211
1538767966428761287,1243,1538767966423739399,NED,-0.77999997139,-2.79494643211
1538767966445959943,1244,1538767966444224199,NED,-0.77999997139,-2.79494643211
1538767966505426247,1245,1538767966503643143,NED,-0.399999976158,-2.79494643211
1538767966556870855,1246,1538767966555436103,NED,-0.399999976158,-3.52777099609
1538767966597444455,1247,1538767966595952423,NED,0.0599999986589,-3.52777099609
1538767966668482663,1248,1538767966664990919,NED,0.52999997139,-3.52777099609
1538767966712340551,1249,1538767966710361895,NED,0.539999961853,-3.52777099609
1538767966768316263,1250,1538767966766110023,NED,1.0,-3.52777099609
1538767966789846727,1251,1538767966788509959,NED,1.0,-3.52777099609
1538767966843983911,1252,1538767966842785383,NED,1.0,-3.52777099609
1538767966881679783,1253,1538767966880148871,NED,1.43999993801,-3.52777099609
1538767966961438247,1254,1538767966959497383,NED,1.43999993801,-3.52777099609
1538767967004204583,1255,1538767967002954151,NED,1.75,-3.52777099609
1538767967051279623,1256,1538767967047339463,NED,1.75,-1.1565874815
1538767967108642407,1257,1538767967104525703,NED,1.95999991894,-1.1565874815
1538767967142486055,1258,1538767967141545863,NED,1.94999992847,-1.1565874815
1538767967187831943,1259,1538767967186712423,NED,2.13999986649,-1.1565874815
1538767967248658215,1260,1538767967247027079,NED,2.12999987602,-1.1565874815
1538767967267219783,1261,1538767967262705095,NED,2.25999999046,-1.1565874815
1538767967355186247,1262,1538767967351158055,NED,2.25999999046,-1.1565874815
1538767967393079207,1263,1538767967388657447,NED,2.40999984741,-1.1565874815
1538767967425739591,1264,1538767967424519143,NED,2.40999984741,0.177844464779
1538767967464469511,1265,1538767967461108103,NED,2.52999997139,0.177844464779
1538767967555083463,1266,1538767967552371271,NED,2.52999997139,0.177844464779
1538767967580789191,1267,1538767967579279335,NED,2.66999983788,0.177844464779
1538767967627394823,1268,1538767967622497191,NED,2.66999983788,0.177844464779
1538767967659213191,1269,1538767967657086567,NED,2.75999999046,0.177844464779
1538767967754489543,1270,1538767967752835399,NED,2.75999999046,0.177844464779
1538767967785463207,1271,1538767967783732807,NED,2.82999992371,0.177844464779
1538767967834207815,1272,1538767967831418375,NED,2.83999991417,0.177844464779
1538767967859010375,1273,1538767967856463271,NED,2.82999992371,1.29392933846
1538767967914606471,1274,1538767967913324487,NED,2.91999983788,1.29392933846
1538767967969429799,1275,1538767967968290087,NED,2.92999982834,1.29392933846
1538767968002359175,1276,1538767967998100487,NED,2.92999982834,1.29392933846
1538767968060968839,1277,1538767968059287047,NED,2.88999986649,1.29392933846
1538767968120723847,1278,1538767968110894887,NED,2.88999986649,1.29392933846
1538767968179144423,1279,1538767968174011495,NED,2.82999992371,1.29392933846
1538767968206488103,1280,1538767968204545991,NED,2.82999992371,2.8346953392
1538767968247131463,1281,1538767968246435239,NED,2.82999992371,2.8346953392
1538767968292733031,1282,1538767968291881063,NED,2.76999998093,2.8346953392
1538767968349066343,1283,1538767968347104391,NED,2.76999998093,2.8346953392
1538767968386840903,1284,1538767968385610215,NED,2.74000000954,2.8346953392
1538767968445288647,1285,1538767968442645511,NED,2.75,2.8346953392
1538767968490010439,1286,1538767968488546247,NED,2.78999996185,2.8346953392
1538767968558489991,1287,1538767968555394919,NED,2.78999996185,2.8346953392
1538767968589424967,1288,1538767968585082247,NED,2.80999994278,2.8346953392
1538767968629002279,1289,1538767968623865255,NED,2.80999994278,3.28501582146
1538767968697025319,1290,1538767968694667975,NED,2.79999995232,3.28501582146
1538767968716516263,1291,1538767968714997159,NED,2.79999995232,3.28501582146
1538767968747881831,1292,1538767968746333447,NED,2.79999995232,3.28501582146
1538767968824145415,1293,1538767968820616999,NED,2.76999998093,3.28501582146
1538767968849347207,1294,1538767968847389031,NED,2.76999998093,3.28501582146
1538767968902308903,1295,1538767968897305063,NED,2.74000000954,3.28501582146
1538767968948288487,1296,1538767968946103943,NED,2.74000000954,3.28501582146
1538767969018618567,1297,1538767969017365639,NED,2.66999983788,3.28501582146
1538767969088995815,1298,1538767969087576103,NED,2.61999988556,3.93356347084
1538767969141744967,1299,1538767969135860647,NED,2.61999988556,3.93356347084
1538767969210522311,1300,1538767969209417511,NED,2.61999988556,3.93356347084
1538767969258480295,1301,1538767969256186919,NED,2.61999988556,3.93356347084
1538767969308736103,1302,1538767969307457991,NED,2.63999986649,4.00968122482
1538767969347488807,1303,1538767969345169447,NED,2.63999986649,4.00968122482
1538767969382045095,1304,1538767969378941575,NED,2.64999985695,4.00968122482
1538767969460547207,1305,1538767969458870919,NED,2.61999988556,4.00968122482
1538767969495397927,1306,1538767969493782471,NED,2.61999988556,4.00968122482
1538767969581366599,1307,1538767969572842983,NED,2.6099998951,4.00968122482
1538767969588891591,1308,1538767969588048967,NED,2.59999990463,4.00968122482
1538767969641488263,1309,1538767969638153383,NED,2.59999990463,4.00968122482
1538767969693393607,1310,1538767969691041863,NED,2.61999988556,4.00968122482
1538767969754257191,1311,1538767969752219463,NED,2.61999988556,4.01140356064
1538767969835125767,1312,1538767969830020743,NED,2.62999987602,4.01140356064
1538767969856472263,1313,1538767969855673095,NED,2.62999987602,4.01140356064
1538767969900257639,1314,1538767969899508679,NED,2.63999986649,4.01140356064
1538767969930324999,1315,1538767969925678471,NED,2.64999985695,4.01140356064
1538767969975034503,1316,1538767969968565895,NED,2.71000003815,4.01140356064
1538767970028448743,1317,1538767970023918055,NED,2.71000003815,4.01140356064
1538767970097446663,1318,1538767970095632647,NED,2.75999999046,3.90550518036
1538767970123944071,1319,1538767970122762279,NED,2.75999999046,3.90550518036
1538767970152308391,1320,1538767970150476711,NED,2.75999999046,3.90550518036
1538767970200162023,1321,1538767970199098503,NED,2.83999991417,3.90550518036
1538767970292546343,1322,1538767970287647879,NED,2.97000002861,3.90550518036
1538767970376949287,1323,1538767970374995335,NED,3.11999988556,3.90550518036
1538767970411154343,1324,1538767970410264775,NED,3.11999988556,3.90550518036
1538767970461505735,1325,1538767970460138599,NED,3.11999988556,3.90550518036
1538767970485256455,1326,1538767970484241063,NED,3.26999998093,3.37123847008
1538767970550817191,1327,1538767970547234663,NED,3.26999998093,3.37123847008
1538767970618782951,1328,1538767970617455335,NED,3.42999982834,3.37123847008
1538767970658762343,1329,1538767970656589799,NED,3.42999982834,3.37123847008
1538767970693838087,1330,1538767970692339943,NED,3.66999983788,3.37123847008
1538767970759465863,1331,1538767970758562855,NED,3.66999983788,3.37123847008
1538767970799791431,1332,1538767970798944327,NED,3.92999982834,2.81321620941
1538767970874175751,1333,1538767970873117575,NED,4.19999980927,2.81321620941
1538767970908277415,1334,1538767970903164199,NED,4.19999980927,2.81321620941
1538767970946776871,1335,1538767970943562983,NED,4.19999980927,2.81321620941
1538767970991648231,1336,1538767970988497607,NED,4.5,2.81321620941
1538767971069907623,1337,1538767971068818791,NED,4.7999997139,2.81321620941
1538767971090987623,1338,1538767971089999463,NED,4.7999997139,2.81321620941
1538767971153360743,1339,1538767971151609671,NED,4.7999997139,2.81321620941
1538767971203885191,1340,1538767971202679879,NED,5.07999992371,2.81321620941
1538767971256386023,1341,1538767971254975303,NED,5.07999992371,2.13840579987
1538767971297630503,1342,1538767971294930151,NED,5.38000011444,2.13840579987
1538767971353311815,1343,1538767971348814215,NED,5.38000011444,2.13840579987
1538767971420237383,1344,1538767971418427687,NED,5.63999986649,2.13840579987
1538767971486487143,1345,1538767971485481927,NED,5.90000009537,2.13840579987
1538767971590024647,1346,1538767971588492871,NED,6.19999980927,2.13840579987
1538767971602863911,1347,1538767971602118567,NED,6.19999980927,2.13840579987
1538767971663734151,1348,1538767971662073383,NED,6.55999994278,1.98949158192
1538767971715584839,1349,1538767971712491527,NED,6.55999994278,1.98949158192
1538767971771484295,1350,1538767971770466695,NED,6.55999994278,1.98949158192
1538767971796363783,1351,1538767971794003079,NED,6.90999984741,1.98949158192
1538767971861063239,1352,1538767971852317063,NED,6.92000007629,1.98949158192
1538767971884065735,1353,1538767971879888231,NED,7.15999984741,1.98949158192
1538767971949649671,1354,1538767971947498151,NED,7.15999984741,1.98949158192
1538767972002851463,1355,1538767971994898759,NED,7.30999994278,1.8587770462
1538767972063165767,1356,1538767972057995079,NED,7.40999984741,1.8587770462
1538767972106242471,1357,1538767972105356967,NED,7.40999984741,1.8587770462
1538767972145771815,1358,1538767972144431687,NED,7.41999959946,1.8587770462
1538767972211897799,1359,1538767972210822151,NED,7.44000005722,1.8587770462
1538767972243562727,1360,1538767972239395335,NED,7.44000005722,1.8587770462
1538767972281394983,1361,1538767972279204167,NED,7.46999979019,1.8587770462
1538767972346204807,1362,1538767972344738695,NED,7.46999979019,1.8587770462
1538767972386305895,1363,1538767972382974119,NED,7.44999980927,1.8587770462
1538767972449438215,1364,1538767972446212231,NED,7.44999980927,4.38091659546
1538767972482346023,1365,1538767972479229191,NED,7.35999965668,4.38091659546
1538767972544938151,1366,1538767972542491847,NED,7.36999988556,4.38091659546
1538767972585781063,1367,1538767972581477895,NED,7.25,4.38091659546
1538767972685035687,1368,1538767972683541287,NED,7.06999969482,4.38091659546
1538767972760177991,1369,1538767972758983079,NED,7.07999992371,4.38091659546
1538767972781922823,1370,1538767972781232647,NED,6.8799996376,4.38091659546
1538767972856535335,1371,1538767972854658951,NED,6.8799996376,5.5542383194
1538767972903779879,1372,1538767972902917543,NED,6.75999975204,5.5542383194
1538767972950708135,1373,1538767972943766055,NED,6.75999975204,5.5542383194
1538767973018106055,1374,1538767973017094983,NED,6.64999961853,5.5542383194
1538767973064569543,1375,1538767973062835655,NED,6.64999961853,5.5542383194
1538767973135733095,1376,1538767973133602567,NED,6.39999961853,6.08625936508
1538767973188890407,1377,1538767973185990247,NED,6.10999965668,6.08625936508
1538767973207425447,1378,1538767973205333511,NED,6.10999965668,6.08625936508
1538767973243357063,1379,1538767973242014087,NED,6.11999988556,6.08625936508
1538767973309874471,1380,1538767973308754311,NED,5.92000007629,6.08625936508
1538767973375058951,1381,1538767973373593735,NED,5.73000001907,6.08625936508
1538767973406136167,1382,1538767973404987527,NED,5.73000001907,6.08625936508
1538767973452735591,1383,1538767973447001031,NED,5.73000001907,6.08625936508
1538767973488836071,1384,1538767973488221607,NED,5.52999973297,6.08625936508
1538767973600718279,1385,1538767973584396199,NED,5.25,3.87263870239
1538767973608648487,1386,1538767973606183463,NED,5.25,3.87263870239
1538767973652306215,1387,1538767973649942983,NED,5.25999975204,3.87263870239
1538767973687712775,1388,1538767973685540679,NED,4.98999977112,3.87263870239
1538767973761749319,1389,1538767973759747975,NED,5.0,3.87263870239
1538767973831676263,1390,1538767973830710471,NED,4.73999977112,3.87263870239
1538767973863694663,1391,1538767973859763623,NED,4.75,3.87263870239
1538767973912083495,1392,1538767973910861415,NED,4.42000007629,3.87263870239
1538767973993220583,1393,1538767973985397383,NED,4.23999977112,3.28551602364
1538767974005672807,1394,1538767974003218983,NED,4.23999977112,3.28551602364
1538767974024578215,1395,1538767974023194951,NED,4.25,3.28551602364
1538767974114442183,1396,1538767974113542215,NED,4.11999988556,3.28551602364
1538767974146424231,1397,1538767974144921671,NED,4.11999988556,3.28551602364
1538767974190915367,1398,1538767974187676999,NED,3.89999985695,3.28551602364
1538767974235680839,1399,1538767974234269991,NED,3.88999986649,3.28551602364
1538767974262288967,1400,1538767974261094599,NED,3.63999986649,4.91113090515
1538767974315026055,1401,1538767974313414855,NED,3.62999987602,4.91113090515
1538767974363622599,1402,1538767974358546503,NED,3.62999987602,4.91113090515
1538767974413972231,1403,1538767974413055783,NED,3.25999999046,4.91113090515
1538767974440572263,1404,1538767974439272967,NED,3.25,4.91113090515
1538767974501756583,1405,1538767974497167847,NED,2.96000003815,4.91113090515
1538767974593421959,1406,1538767974581823751,NED,2.80999994278,3.91749119759
1538767974609666247,1407,1538767974608862567,NED,2.80999994278,3.91749119759
1538767974663386151,1408,1538767974658979847,NED,2.79999995232,3.91749119759
1538767974707578855,1409,1538767974705314535,NED,2.79999995232,3.91749119759
1538767974771851367,1410,1538767974769867495,NED,2.71000003815,3.91749119759
1538767974810483079,1411,1538767974803080199,NED,2.71000003815,3.91749119759
1538767974859277127,1412,1538767974854877415,NED,2.71000003815,3.91749119759
1538767974902307783,1413,1538767974901513287,NED,2.52999997139,0.156272813678
1538767974964799271,1414,1538767974963267527,NED,2.28999996185,0.156272813678
1538767974996320167,1415,1538767974986414855,NED,2.28999996185,0.156272813678
1538767975045965575,1416,1538767975044482119,NED,2.27999997139,0.156272813678
1538767975089406727,1417,1538767975083769927,NED,1.9699999094,0.156272813678
1538767975143016167,1418,1538767975141084967,NED,1.9699999094,0.156272813678
1538767975216097991,1419,1538767975214617031,NED,1.59999990463,0.156272813678
1538767975236156135,1420,1538767975234120903,NED,1.61000001431,0.156272813678
1538767975300970119,1421,1538767975299669191,NED,1.24000000954,0.156272813678
1538767975352172135,1422,1538767975350285991,NED,1.25999999046,0.156272813678
1538767975388103047,1423,1538767975384552167,NED,0.919999957085,2.12471723557
1538767975439644327,1424,1538767975436829351,NED,0.949999988079,2.12471723557
1538767975474677895,1425,1538767975473868807,NED,0.610000014305,2.12471723557
1538767975520353607,1426,1538767975519313895,NED,0.620000004768,2.12471723557
1538767975574897607,1427,1538767975570568167,NED,0.280000001192,2.12471723557
1538767975618384967,1428,1538767975617609127,NED,0.280000001192,2.12471723557
1538767975735731271,1429,1538767975733842759,NED,0.0,2.12471723557
1538767975808297735,1430,1538767975803858599,NED,-0.329999983311,3.45280528069
1538767975831204487,1431,1538767975830576231,NED,-0.340000003576,3.45280528069
1538767975886938215,1432,1538767975884432135,NED,-0.639999985695,3.45280528069
1538767975923434791,1433,1538767975922095111,NED,-0.639999985695,3.45280528069
1538767975981607399,1434,1538767975980536103,NED,-0.919999957085,3.45280528069
1538767976020981479,1435,1538767976019778055,NED,-0.919999957085,3.45280528069
1538767976099703719,1436,1538767976091714631,NED,-1.12999999523,3.45280528069
1538767976134692935,1437,1538767976133741351,NED,-1.12999999523,3.45280528069
1538767976212914503,1438,1538767976205532551,NED,-1.29999995232,0.559580028057
1538767976241311175,1439,1538767976239742823,NED,-1.29999995232,0.559580028057
1538767976295840935,1440,1538767976291216551,NED,-1.44999992847,0.559580028057
1538767976351006407,1441,1538767976349551175,NED,-1.44999992847,0.559580028057
1538767976416153031,1442,1538767976414493927,NED,-1.58999991417,0.559580028057
1538767976447944359,1443,1538767976446794503,NED,-1.58999991417,0.559580028057
1538767976461792775,1444,1538767976460800103,NED,-1.77999997139,0.559580028057
1538767976569310663,1445,1538767976565164935,NED,-1.75999999046,0.559580028057
1538767976590758279,1446,1538767976589161575,NED,-2.08999991417,0.559580028057
1538767976625033543,1447,1538767976622878055,NED,-2.08999991417,0.111476048827
1538767976676625159,1448,1538767976675186215,NED,-2.42999982834,0.111476048827
1538767976764329831,1449,1538767976759453895,NED,-2.42999982834,0.111476048827
1538767976783129959,1450,1538767976781846759,NED,-2.75999999046,0.111476048827
1538767976821054631,1451,1538767976819780903,NED,-2.75999999046,0.111476048827
1538767976845433319,1452,1538767976844621991,NED,-2.75999999046,0.111476048827
1538767976941093191,1453,1538767976936078151,NED,-3.05999994278,0.111476048827
1538767977016478215,1454,1538767977012394343,NED,-3.4399998188,0.111476048827
1538767977032993223,1455,1538767977030844967,NED,-3.4399998188,0.111476048827
1538767977104395591,1456,1538767977094038151,NED,-3.76999998093,0.111476048827
1538767977128487655,1457,1538767977124279719,NED,-3.76999998093,0.111476048827
1538767977154764743,1458,1538767977150080391,NED,-3.76999998093,1.27552998066
1538767977184413095,1459,1538767977179818343,NED,-4.13999986649,1.27552998066
1538767977244419527,1460,1538767977243051271,NED,-4.15000009537,1.27552998066
1538767977289973863,1461,1538767977288799655,NED,-4.40999984741,1.27552998066
1538767977352422215,1462,1538767977351062087,NED,-4.42000007629,1.27552998066
1538767977389093447,1463,1538767977387059271,NED,-4.67999982834,1.27552998066
1538767977463480551,1464,1538767977462414887,NED,-4.69000005722,1.27552998066
1538767977513226663,1465,1538767977511961383,NED,-4.90000009537,-0.72413289547
1538767977589154247,1466,1538767977587220327,NED,-5.0499997139,-0.72413289547
1538767977666408935,1467,1538767977665391239,NED,-5.11999988556,-0.72413289547
1538767977710914791,1468,1538767977706673607,NED,-5.11999988556,-0.72413289547
1538767977766588679,1469,1538767977765341543,NED,-5.15999984741,-0.72413289547
1538767977827108167,1470,1538767977821254855,NED,-5.17000007629,-0.72413289547
1538767977860265607,1471,1538767977855191527,NED,-5.17000007629,-0.72413289547
1538767977887561831,1472,1538767977886290215,NED,-5.09999990463,-3.04242920876
1538767977942018055,1473,1538767977940603399,NED,-5.09999990463,-3.04242920876
1538767977980840647,1474,1538767977977896263,NED,-5.0,-3.04242920876
1538767978064337031,1475,1538767978060145735,NED,-5.0,-3.04242920876
1538767978096452903,1476,1538767978094895079,NED,-5.00999975204,-3.04242920876
1538767978161588807,1477,1538767978156949735,NED,-5.00999975204,-3.04242920876
1538767978181570599,1478,1538767978180252999,NED,-5.15999984741,-3.04242920876
1538767978266110343,1479,1538767978264620359,NED,-5.17000007629,-3.04242920876
1538767978288813927,1480,1538767978286240327,NED,-5.2999997139,-1.09468269348
1538767978366912679,1481,1538767978365580519,NED,-5.36999988556,-1.09468269348
1538767978388442471,1482,1538767978386860679,NED,-5.38000011444,-1.09468269348
1538767978446744391,1483,1538767978444096455,NED,-5.38000011444,-1.09468269348
1538767978496112903,1484,1538767978488478215,NED,-5.46000003815,-1.09468269348
1538767978523463271,1485,1538767978522889639,NED,-5.46000003815,-1.09468269348
1538767978604591335,1486,1538767978594242407,NED,-5.44999980927,-1.09468269348
1538767978645584263,1487,1538767978641246599,NED,-5.44999980927,-1.53231215477
1538767978665442343,1488,1538767978663532455,NED,-5.31999969482,-1.53231215477
1538767978723294599,1489,1538767978722018919,NED,-5.31999969482,-1.53231215477
1538767978811565095,1490,1538767978802883847,NED,-5.13999986649,-1.53231215477
1538767978843848039,1491,1538767978836943783,NED,-5.13999986649,-1.53231215477
1538767978851024551,1492,1538767978849014471,NED,-5.13999986649,-1.53231215477
1538767978955862951,1493,1538767978954581767,NED,-4.92999982834,-1.53231215477
1538767978971206407,1494,1538767978970325511,NED,-4.69000005722,-1.53231215477
1538767979024855847,1495,1538767979020861799,NED,-4.69000005722,-1.53231215477
1538767979074913543,1496,1538767979072668807,NED,-4.38000011444,-1.53231215477
1538767979132483719,1497,1538767979131509831,NED,-4.38000011444,-2.65330147743
1538767979211000103,1498,1538767979207064775,NED,-4.15000009537,-2.65330147743
1538767979251295399,1499,1538767979250729735,NED,-4.15999984741,-2.65330147743
1538767979298360775,1500,1538767979297282631,NED,-3.88999986649,-2.65330147743
1538767979318733799,1501,1538767979317249159,NED,-3.88999986649,-2.65330147743
1538767979345377383,1502,1538767979341556711,NED,-3.89999985695,-2.65330147743
1538767979432443847,1503,1538767979427325063,NED,-3.66999983788,-2.65330147743
1538767979470193095,1504,1538767979469111367,NED,-3.51999998093,-2.65330147743
1538767979535452167,1505,1538767979533067943,NED,-3.51999998093,-2.65330147743
1538767979556002983,1506,1538767979554370151,NED,-3.51999998093,-2.65330147743
1538767979584271303,1507,1538767979582895239,NED,-3.34999990463,-2.65330147743
1538767979648083751,1508,1538767979647344871,NED,-3.34999990463,-1.41327238083
1538767979686791495,1509,1538767979685598343,NED,-3.15999984741,-1.41327238083
1538767979743058215,1510,1538767979742307527,NED,-3.15999984741,-1.41327238083
1538767979799091559,1511,1538767979793899271,NED,-2.90999984741,-1.41327238083
1538767979855492103,1512,1538767979851101255,NED,-2.90999984741,-1.41327238083
1538767979902761383,1513,1538767979900855271,NED,-2.65999984741,-1.41327238083
1538767979943567047,1514,1538767979941315495,NED,-2.65999984741,-1.41327238083
1538767979989810279,1515,1538767979984090631,NED,-2.39999985695,-1.41327238083
1538767980046856903,1516,1538767980043828519,NED,-2.38999986649,-1.70979642868
1538767980113320519,1517,1538767980108888071,NED,-2.1099998951,-1.70979642868
1538767980152507335,1518,1538767980148577991,NED,-2.11999988556,-1.70979642868
1538767980190546311,1519,1538767980188909799,NED,-1.88999998569,-1.70979642868
1538767980302021255,1520,1538767980299124743,NED,-1.74000000954,-1.70979642868
1538767980350644903,1521,1538767980347687207,NED,-1.75,-1.36124920845
1538767980390026567,1522,1538767980384146343,NED,-1.52999997139,-1.36124920845
1538767980450197895,1523,1538767980449446631,NED,-1.52999997139,-1.36124920845
1538767980486494791,1524,1538767980484845607,NED,-1.33999991417,-1.36124920845
1538767980553421895,1525,1538767980552671175,NED,-1.33999991417,-1.36124920845
1538767980624667335,1526,1538767980619289863,NED,-1.16999995708,-1.36124920845
1538767980666448071,1527,1538767980665050823,NED,-1.01999998093,-1.72952830791
1538767980713552999,1528,1538767980712593191,NED,-1.01999998093,-1.72952830791
1538767980740920839,1529,1538767980740140839,NED,-1.01999998093,-1.72952830791
1538767980818364903,1530,1538767980816197319,NED,-0.849999964237,-1.72952830791
1538767980845384967,1531,1538767980843474055,NED,-0.849999964237,-1.72952830791
1538767980919264359,1532,1538767980915384167,NED,-0.719999969006,-1.72952830791
1538767980953976711,1533,1538767980952744071,NED,-0.729999959469,-1.72952830791
1538767980983921543,1534,1538767980977647815,NED,-0.579999983311,-1.72952830791
1538767981051575143,1535,1538767981050775143,NED,-0.589999973774,0.840199410915
1538767981091962567,1536,1538767981090664103,NED,-0.509999990463,0.840199410915
1538767981142602727,1537,1538767981141245319,NED,-0.509999990463,0.840199410915
1538767981180352903,1538,1538767981177453735,NED,-0.509999990463,0.840199410915
1538767981242375335,1539,1538767981241569639,NED,-0.519999980927,0.840199410915
1538767981347520935,1540,1538767981340998151,NED,-0.560000002384,0.840199410915
1538767981365054887,1541,1538767981363467783,NED,-0.560000002384,0.840199410915
1538767981385009447,1542,1538767981380757671,NED,-0.539999961853,0.840199410915
1538767981452776999,1543,1538767981450081991,NED,-0.539999961853,2.12321686745
1538767981488150119,1544,1538767981486793607,NED,-0.52999997139,2.12321686745
1538767981550108039,1545,1538767981548763399,NED,-0.539999961853,2.12321686745
1538767981590416167,1546,1538767981589424999,NED,-0.489999979734,2.12321686745
1538767981668417799,1547,1538767981667150727,NED,-0.469999998808,2.12321686745
1538767981692645095,1548,1538767981691189479,NED,-0.469999998808,2.12321686745
1538767981744797863,1549,1538767981743893991,NED,-0.469999998808,2.12321686745
1538767981795223815,1550,1538767981794100999,NED,-0.509999990463,2.12321686745
1538767981865106183,1551,1538767981863910471,NED,-0.509999990463,0.751525402069
1538767981902841831,1552,1538767981901628935,NED,-0.329999983311,0.751525402069
1538767981948612519,1553,1538767981942464775,NED,-0.319999992847,0.751525402069
1538767982000820167,1554,1538767981994575751,NED,-0.140000000596,0.751525402069
1538767982051525063,1555,1538767982050727911,NED,-0.149999991059,0.751525402069
1538767982101272647,1556,1538767982099884615,NED,-0.019999999553,0.751525402069
1538767982153724519,1557,1538767982152806215,NED,-0.019999999553,0.751525402069
1538767982199879687,1558,1538767982198605159,NED,0.0299999993294,0.751525402069
1538767982258242055,1559,1538767982257090567,NED,0.129999995232,1.13211405277
1538767982312296263,1560,1538767982310496967,NED,0.129999995232,1.13211405277
1538767982343812039,1561,1538767982336889767,NED,0.129999995232,1.13211405277
1538767982415054983,1562,1538767982413774887,NED,0.119999997318,1.13211405277
1538767982491309479,1563,1538767982485707623,NED,0.0999999940395,1.13211405277
1538767982565758183,1564,1538767982561330151,NED,0.0999999940395,1.13211405277
1538767982625063687,1565,1538767982618738855,NED,0.0799999982119,1.97304654121
1538767982669517383,1566,1538767982668761351,NED,0.0599999986589,1.97304654121
1538767982681511111,1567,1538767982680785415,NED,0.0599999986589,1.97304654121
1538767982737098247,1568,1538767982736085927,NED,0.0599999986589,1.97304654121
1538767982783297287,1569,1538767982779728967,NED,-0.0599999986589,1.97304654121
1538767982860115303,1570,1538767982855272583,NED,-0.0599999986589,1.97304654121
1538767982882400423,1571,1538767982881828871,NED,-0.199999988079,1.97304654121
1538767982941546119,1572,1538767982938359207,NED,-0.199999988079,1.97304654121
1538767982997251047,1573,1538767982995965767,NED,-0.329999983311,1.97304654121
1538767983056484199,1574,1538767983050832871,NED,-0.329999983311,3.32539415359
1538767983148301671,1575,1538767983146573831,NED,-0.5,3.32539415359
1538767983183006471,1576,1538767983181997415,NED,-0.669999957085,3.32539415359
1538767983256220391,1577,1538767983254486183,NED,-0.680000007153,3.32539415359
1538767983286256871,1578,1538767983285264327,NED,-0.77999997139,3.32539415359
1538767983333458279,1579,1538767983332259271,NED,-0.77999997139,3.32539415359
1538767983388244647,1580,1538767983387251879,NED,-0.819999992847,3.11954879761
1538767983457268679,1581,1538767983455464103,NED,-0.819999992847,3.11954879761
1538767983479830567,1582,1538767983478924551,NED,-0.810000002384,3.11954879761
1538767983566205479,1583,1538767983564734279,NED,-0.810000002384,3.11954879761
1538767983587543239,1584,1538767983586613895,NED,-0.789999961853,3.11954879761
1538767983669932487,1585,1538767983667367911,NED,-0.719999969006,3.11954879761
1538767983687550503,1586,1538767983684285415,NED,-0.719999969006,3.11954879761
1538767983777608103,1587,1538767983776085639,NED,-0.620000004768,3.11954879761
1538767983795401543,1588,1538767983794360647,NED,-0.610000014305,3.11954879761
1538767983850371239,1589,1538767983849079431,NED,-0.610000014305,0.827034652233
1538767983897760967,1590,1538767983896902791,NED,-0.449999988079,0.827034652233
1538767983983777863,1591,1538767983977964679,NED,-0.329999983311,0.827034652233
1538767984002400423,1592,1538767983998988583,NED,-0.329999983311,0.827034652233
1538767984066753479,1593,1538767984061469639,NED,-0.329999983311,0.827034652233
1538767984089480071,1594,1538767984085729191,NED,-0.189999997616,0.827034652233
1538767984151733095,1595,1538767984145829735,NED,-0.189999997616,0.827034652233
1538767984196392423,1596,1538767984194734023,NED,-0.070000000298,0.231791332364
1538767984245754087,1597,1538767984243923047,NED,-0.0599999986589,0.231791332364
1538767984340756551,1598,1538767984336882055,NED,0.0799999982119,0.231791332364
1538767984379960807,1599,1538767984374724487,NED,0.229999989271,0.231791332364
1538767984394799143,1600,1538767984391606407,NED,0.229999989271,0.231791332364
1538767984453338407,1601,1538767984451789959,NED,0.239999994636,0.231791332364
1538767984482039335,1602,1538767984478425319,NED,0.439999997616,0.231791332364
1538767984555823655,1603,1538767984552971751,NED,0.439999997616,0.231791332364
1538767984623489895,1604,1538767984621899527,NED,0.639999985695,0.231791332364
1538767984653871239,1605,1538767984652317287,NED,0.639999985695,-0.126205354929
1538767984703424519,1606,1538767984702869351,NED,0.8599999547,-0.126205354929
1538767984774288039,1607,1538767984767347239,NED,1.05999994278,-0.126205354929
1538767984788605959,1608,1538767984786621863,NED,1.05999994278,-0.126205354929
1538767984873289927,1609,1538767984870195559,NED,1.26999998093,-0.126205354929
1538767984900735271,1610,1538767984900063847,NED,1.26999998093,-0.126205354929
1538767984946646279,1611,1538767984944880839,NED,1.26999998093,-0.126205354929
1538767984993093703,1612,1538767984991916167,NED,1.45999991894,-0.126205354929
1538767985060600743,1613,1538767985055536423,NED,1.45999991894,-0.126205354929
1538767985104135175,1614,1538767985103313927,NED,1.66999995708,0.218643859029
1538767985150122983,1615,1538767985149092519,NED,1.66999995708,0.218643859029
1538767985189518215,1616,1538767985187732903,NED,1.88999998569,0.218643859029
1538767985272631591,1617,1538767985268263847,NED,2.12999987602,0.218643859029
1538767985286639431,1618,1538767985285188967,NED,2.12999987602,0.218643859029
1538767985379803399,1619,1538767985377378727,NED,2.36999988556,0.218643859029
1538767985401734183,1620,1538767985397411655,NED,2.36999988556,0.218643859029
1538767985453315207,1621,1538767985451999079,NED,2.37999987602,0.122477993369
1538767985488607367,1622,1538767985486039271,NED,2.62999987602,0.122477993369
1538767985569012327,1623,1538767985562677895,NED,2.89999985695,0.122477993369
1538767985592700231,1624,1538767985588928263,NED,2.89999985695,0.122477993369
1538767985666975143,1625,1538767985665675559,NED,3.11999988556,0.122477993369
1538767985705961639,1626,1538767985704880935,NED,3.11999988556,0.122477993369
1538767985751597895,1627,1538767985747251175,NED,3.11999988556,0.122477993369
1538767985781620167,1628,1538767985779813319,NED,3.31999993324,0.122477993369
1538767985864596199,1629,1538767985861269191,NED,3.32999992371,0.122477993369
1538767985929992327,1630,1538767985928625319,NED,3.55999994278,0.315858989954
1538767985959029895,1631,1538767985957615079,NED,3.55999994278,0.315858989954
1538767985992593767,1632,1538767985987879783,NED,3.80999994278,0.315858989954
1538767986076735079,1633,1538767986071202759,NED,4.15000009537,0.315858989954
1538767986090136999,1634,1538767986087365959,NED,4.15000009537,0.315858989954
1538767986182945959,1635,1538767986181712903,NED,4.15000009537,0.315858989954
1538767986208315367,1636,1538767986207720519,NED,4.42999982834,0.315858989954
1538767986258790535,1637,1538767986254733543,NED,4.42999982834,0.315858989954
1538767986300297959,1638,1538767986296732871,NED,4.69000005722,0.315858989954
1538767986356129575,1639,1538767986355180487,NED,4.67999982834,1.57334160805
1538767986443394567,1640,1538767986440226567,NED,4.86999988556,1.57334160805
1538767986467659623,1641,1538767986464103111,NED,4.86999988556,1.57334160805
1538767986491929159,1642,1538767986489402567,NED,5.0,1.57334160805
1538767986542538439,1643,1538767986541160551,NED,5.0,1.57334160805
1538767986615353863,1644,1538767986612284807,NED,5.09999990463,1.57334160805
1538767986642250247,1645,1538767986641045223,NED,5.09999990463,2.86675429344
1538767986682140743,1646,1538767986680597319,NED,5.17999982834,2.86675429344
1538767986775695239,1647,1538767986773874311,NED,5.25,2.86675429344
1538767986845674631,1648,1538767986836585511,NED,5.25,2.86675429344
1538767986866038727,1649,1538767986860632295,NED,5.25,2.86675429344
1538767986892821223,1650,1538767986887555943,NED,5.28999996185,2.86675429344
1538767986952443463,1651,1538767986947291143,NED,5.28999996185,2.86675429344
1538767986983811111,1652,1538767986975735527,NED,5.23000001907,2.86675429344
1538767987056407719,1653,1538767987050172007,NED,5.23000001907,2.86675429344
1538767987090560967,1654,1538767987085876231,NED,5.15000009537,4.15515327454
1538767987154908711,1655,1538767987153057095,NED,5.15000009537,4.15515327454
1538767987193511239,1656,1538767987186531335,NED,5.0499997139,4.15515327454
1538767987244304487,1657,1538767987242384743,NED,5.0499997139,4.15515327454
1538767987340401351,1658,1538767987335656871,NED,4.96000003815,4.15515327454
1538767987365756231,1659,1538767987364293607,NED,4.96000003815,4.15515327454
1538767987429258791,1660,1538767987427747047,NED,4.85999965668,4.15515327454
1538767987457544679,1661,1538767987456526055,NED,4.85999965668,4.15515327454
1538767987493219751,1662,1538767987492608167,NED,4.75999975204,4.15515327454
1538767987580515751,1663,1538767987578009703,NED,4.67000007629,4.15515327454
1538767987616595591,1664,1538767987605687687,NED,4.67000007629,5.46847438812
1538767987674220391,1665,1538767987672440647,NED,4.52999973297,5.46847438812
1538767987688294439,1666,1538767987686910119,NED,4.52999973297,5.46847438812
1538767987753462055,1667,1538767987750163879,NED,4.52999973297,5.46847438812
1538767987784674919,1668,1538767987783068871,NED,4.40000009537,5.46847438812
1538767987846671015,1669,1538767987844910631,NED,4.40000009537,5.46847438812
1538767987885440839,1670,1538767987883733287,NED,4.27999973297,5.46847438812
1538767988017458695,1671,1538767988011629415,NED,4.19999980927,5.46847438812
1538767988062755271,1672,1538767988061981095,NED,4.19999980927,5.78008413315
1538767988087373671,1673,1538767988085841095,NED,4.05999994278,5.78008413315
1538767988167098759,1674,1538767988165944423,NED,3.9399998188,5.78008413315
1538767988208877127,1675,1538767988205001415,NED,3.9399998188,5.78008413315
1538767988245953959,1676,1538767988241906823,NED,3.94999980927,5.78008413315
1538767988295814055,1677,1538767988291135527,NED,3.82999992371,5.78008413315
1538767988342850759,1678,1538767988341381095,NED,3.82999992371,5.78008413315
1538767988413834887,1679,1538767988410910087,NED,3.72000002861,5.78008413315
1538767988464108263,1680,1538767988462315335,NED,3.58999991417,5.78008413315
1538767988507286151,1681,1538767988504513799,NED,3.58999991417,5.78008413315
1538767988553764871,1682,1538767988549362503,NED,3.58999991417,5.97095632553
1538767988589132295,1683,1538767988586714407,NED,3.47000002861,5.97095632553
1538767988648861863,1684,1538767988643230599,NED,3.47000002861,5.97095632553
1538767988681130823,1685,1538767988678808583,NED,3.36999988556,5.97095632553
1538767988749818119,1686,1538767988748470055,NED,3.37999987602,5.97095632553
1538767988803079559,1687,1538767988801641767,NED,3.25999999046,5.97095632553
1538767988863388839,1688,1538767988862012231,NED,3.26999998093,5.97095632553
1538767988886192999,1689,1538767988884396135,NED,3.22000002861,6.01886367798
1538767988952000967,1690,1538767988951015015,NED,3.22000002861,6.01886367798
1538767989011552231,1691,1538767989009542951,NED,3.19999980927,6.01886367798
1538767989056923591,1692,1538767989054903303,NED,3.19999980927,6.01886367798
1538767989092687815,1693,1538767989090228871,NED,3.14999985695,6.01886367798
1538767989123933447,1694,1538767989120362503,NED,3.14999985695,6.01886367798
1538767989168679143,1695,1538767989165526439,NED,3.1099998951,6.01886367798
1538767989224615495,1696,1538767989223398407,NED,3.11999988556,6.01886367798
1538767989268937255,1697,1538767989267665095,NED,3.15999984741,5.46178102493
1538767989328372071,1698,1538767989327328839,NED,3.15999984741,5.46178102493
1538767989367616647,1699,1538767989366040327,NED,3.23000001907,5.46178102493
1538767989417899431,1700,1538767989414733383,NED,3.24000000954,5.46178102493
1538767989466401895,1701,1538767989464344103,NED,3.32999992371,5.46178102493
1538767989483012807,1702,1538767989481898791,NED,3.32999992371,5.46178102493
1538767989545431143,1703,1538767989542699239,NED,3.31999993324,5.46178102493
1538767989622088071,1704,1538767989617219303,NED,3.36999988556,5.46178102493
1538767989661167431,1705,1538767989660251207,NED,3.36999988556,3.82702922821
1538767989708403111,1706,1538767989704494439,NED,3.36999988556,3.82702922821
1538767989789844455,1707,1538767989788097127,NED,3.4399998188,3.82702922821
1538767989863658439,1708,1538767989862529351,NED,3.4399998188,3.82702922821
1538767989888137447,1709,1538767989886941863,NED,3.55999994278,3.82702922821
1538767989947143175,1710,1538767989944504327,NED,3.55999994278,1.70093643665
1538767990028816263,1711,1538767990024422695,NED,3.70999979973,1.70093643665
1538767990063870119,1712,1538767990062862919,NED,3.84999990463,1.70093643665
